learner/env  CFR  CFR_EX+IN  CFR_IN  A-CFR_IN  BPS-CFR  TIPS-CFR  CSPS-CFR  CFPS-CFR  CFPS-CFR_EX+IN  TIPS-CFR_EX+IN  BEHAV-CFR  
t = 0
CFR  -6.93889e-18  -6.93889e-18  -6.93889e-18  -6.93889e-18  -6.93889e-18  -6.93889e-18  -6.93889e-18  -6.93889e-18  -6.93889e-18  -6.93889e-18  -6.93889e-18  
CFR_EX+IN  -6.93889e-18  -6.93889e-18  -6.93889e-18  -6.93889e-18  -6.93889e-18  -6.93889e-18  -6.93889e-18  -6.93889e-18  -6.93889e-18  -6.93889e-18  -6.93889e-18  
CFR_IN  -6.93889e-18  -6.93889e-18  -6.93889e-18  -6.93889e-18  -6.93889e-18  -6.93889e-18  -6.93889e-18  -6.93889e-18  -6.93889e-18  -6.93889e-18  -6.93889e-18  
A-CFR_IN  -6.93889e-18  -6.93889e-18  -6.93889e-18  -6.93889e-18  -6.93889e-18  -6.93889e-18  -6.93889e-18  -6.93889e-18  -6.93889e-18  -6.93889e-18  -6.93889e-18  
BPS-CFR  -6.93889e-18  -6.93889e-18  -6.93889e-18  -6.93889e-18  -6.93889e-18  -6.93889e-18  -6.93889e-18  -6.93889e-18  -6.93889e-18  -6.93889e-18  -6.93889e-18  
TIPS-CFR  -6.93889e-18  -6.93889e-18  -6.93889e-18  -6.93889e-18  -6.93889e-18  -6.93889e-18  -6.93889e-18  -6.93889e-18  -6.93889e-18  -6.93889e-18  -6.93889e-18  
CSPS-CFR  -6.93889e-18  -6.93889e-18  -6.93889e-18  -6.93889e-18  -6.93889e-18  -6.93889e-18  -6.93889e-18  -6.93889e-18  -6.93889e-18  -6.93889e-18  -6.93889e-18  
CFPS-CFR  -6.93889e-18  -6.93889e-18  -6.93889e-18  -6.93889e-18  -6.93889e-18  -6.93889e-18  -6.93889e-18  -6.93889e-18  -6.93889e-18  -6.93889e-18  -6.93889e-18  
CFPS-CFR_EX+IN  -6.93889e-18  -6.93889e-18  -6.93889e-18  -6.93889e-18  -6.93889e-18  -6.93889e-18  -6.93889e-18  -6.93889e-18  -6.93889e-18  -6.93889e-18  -6.93889e-18  
TIPS-CFR_EX+IN  -6.93889e-18  -6.93889e-18  -6.93889e-18  -6.93889e-18  -6.93889e-18  -6.93889e-18  -6.93889e-18  -6.93889e-18  -6.93889e-18  -6.93889e-18  -6.93889e-18  
BEHAV-CFR  -6.93889e-18  -6.93889e-18  -6.93889e-18  -6.93889e-18  -6.93889e-18  -6.93889e-18  -6.93889e-18  -6.93889e-18  -6.93889e-18  -6.93889e-18  -6.93889e-18  
t = 1
CFR  0  -0.0352001  -0.526796  -0.526796  1.38778e-17  -0.526796  -0.353288  -0.526796  -0.0352001  -0.0352001  -0.526796  
CFR_EX+IN  0.0352001  -1.38778e-17  -0.493696  -0.493696  0.0352001  -0.493696  -0.314893  -0.493696  1.38778e-16  9.71445e-17  -0.493696  
CFR_IN  0.526796  0.493696  0  1.62847e-16  0.526796  -2.18141e-16  0.266667  -1.07119e-16  0.493696  0.493696  -1.93964e-16  
A-CFR_IN  0.526796  0.493696  -1.62847e-16  -9.86076e-32  0.526796  -3.80989e-16  0.266667  -2.69966e-16  0.493696  0.493696  -3.56811e-16  
BPS-CFR  -1.38778e-17  -0.0352001  -0.526796  -0.526796  0  -0.526796  -0.353288  -0.526796  -0.0352001  -0.0352001  -0.526796  
TIPS-CFR  0.526796  0.493696  2.18141e-16  3.80989e-16  0.526796  0  0.266667  1.11022e-16  0.493696  0.493696  2.41777e-17  
CSPS-CFR  0.353288  0.314893  -0.266667  -0.266667  0.353288  -0.266667  -1.38778e-17  -0.266667  0.314893  0.314893  -0.266667  
CFPS-CFR  0.526796  0.493696  1.07119e-16  2.69966e-16  0.526796  -1.11022e-16  0.266667  -9.86076e-32  0.493696  0.493696  -8.68446e-17  
CFPS-CFR_EX+IN  0.0352001  -1.249e-16  -0.493696  -0.493696  0.0352001  -0.493696  -0.314893  -0.493696  2.77556e-17  0  -0.493696  
TIPS-CFR_EX+IN  0.0352001  -1.249e-16  -0.493696  -0.493696  0.0352001  -0.493696  -0.314893  -0.493696  4.16334e-17  0  -0.493696  
BEHAV-CFR  0.526796  0.493696  1.93964e-16  3.56811e-16  0.526796  -2.41777e-17  0.266667  8.68446e-17  0.493696  0.493696  -4.93038e-32  
t = 2
CFR  0  0.114108  0.580347  0.703881  -0.0683287  0.533523  0.499316  0.533523  0.035509  0.0355066  0.493709  
CFR_EX+IN  -0.114108  -7.39557e-32  0.511321  0.674598  -0.169968  0.48292  0.397294  0.48292  -0.0781774  -0.0781809  0.457311  
CFR_IN  -0.580347  -0.511321  1.04083e-17  -0.161557  -0.574064  -1.5647e-06  0.101517  6.59457e-05  -0.506304  -0.504972  0.00808635  
A-CFR_IN  -0.703881  -0.674598  0.161557  0  -0.699283  0.161535  0.216925  0.161561  -0.671629  -0.667652  0.163711  
BPS-CFR  0.0683287  0.169968  0.574064  0.699283  2.77556e-17  0.526601  0.509649  0.526601  0.091443  0.0914408  0.486243  
TIPS-CFR  -0.533523  -0.48292  1.5647e-06  -0.161535  -0.526601  0  0.100442  6.75104e-05  -0.476847  -0.475512  0.00697334  
CSPS-CFR  -0.499316  -0.397294  -0.101517  -0.216925  -0.509649  -0.100442  1.04083e-17  -0.101375  -0.414884  -0.41041  -0.085157  
CFPS-CFR  -0.533523  -0.48292  -6.59457e-05  -0.161561  -0.526601  -6.75104e-05  0.101375  1.38778e-17  -0.476847  -0.475512  0.0078891  
CFPS-CFR_EX+IN  -0.035509  0.0781774  0.506304  0.671629  -0.091443  0.476847  0.414884  0.476847  1.38778e-17  -3.04363e-06  0.450824  
TIPS-CFR_EX+IN  -0.0355066  0.0781809  0.504972  0.667652  -0.0914408  0.475512  0.41041  0.475512  3.04363e-06  1.38778e-17  0.449842  
BEHAV-CFR  -0.493709  -0.457311  -0.00808635  -0.163711  -0.486243  -0.00697334  0.085157  -0.0078891  -0.450824  -0.449842  -2.77556e-17  
t = 3
CFR  -1.38778e-17  -0.17875  -0.755833  -0.275012  0.0892692  -0.749088  -0.598471  -0.751674  -0.0910644  -0.0888804  -0.723922  
CFR_EX+IN  0.17875  0  -0.723698  -0.36436  0.243042  -0.561853  -0.519048  -0.722372  0.0703779  0.0776233  -0.56784  
CFR_IN  0.755833  0.723698  3.46945e-18  -0.509166  0.755136  0.0169414  -0.0545674  -0.0236409  0.723608  0.723557  0.0154742  
A-CFR_IN  0.275012  0.36436  0.509166  0  0.309059  0.531545  0.509052  0.517674  0.360613  0.388736  0.135894  
BPS-CFR  -0.0892692  -0.243042  -0.755136  -0.309059  0  -0.748192  -0.587031  -0.750778  -0.153316  -0.150725  -0.722143  
TIPS-CFR  0.749088  0.561853  -0.0169414  -0.531545  0.748192  -3.46945e-17  0.0116233  -0.0191951  0.516248  0.579428  0.0126267  
CSPS-CFR  0.598471  0.519048  0.0545674  -0.509052  0.587031  -0.0116233  -1.38778e-17  0.0200221  0.507681  0.414298  -0.074163  
CFPS-CFR  0.751674  0.722372  0.0236409  -0.517674  0.750778  0.0191951  -0.0200221  1.04083e-17  0.722005  0.721911  0.00363714  
CFPS-CFR_EX+IN  0.0910644  -0.0703779  -0.723608  -0.360613  0.153316  -0.516248  -0.507681  -0.722005  1.38778e-17  0.00150969  -0.502062  
TIPS-CFR_EX+IN  0.0888804  -0.0776233  -0.723557  -0.388736  0.150725  -0.579428  -0.414298  -0.721911  -0.00150969  1.38778e-17  -0.614797  
BEHAV-CFR  0.723922  0.56784  -0.0154742  -0.135894  0.722143  -0.0126267  0.074163  -0.00363714  0.502062  0.614797  1.04083e-17  
t = 4
CFR  1.38778e-17  0.0754471  -0.360619  -0.000234913  -0.0536805  -0.407806  0.0623043  -0.406291  0.00759321  0.00814677  -0.205863  
CFR_EX+IN  -0.0754471  4.25007e-17  -0.529975  -0.159627  -0.122808  -0.512157  -0.128717  -0.561745  -0.0746435  -0.067653  -0.449976  
CFR_IN  0.360619  0.529975  1.38778e-17  0.271159  0.365295  -0.120554  -0.0921747  -0.0150626  0.530338  0.513799  -0.111219  
A-CFR_IN  0.000234913  0.159627  -0.271159  0  0.214608  -0.298541  -0.248838  -0.393358  0.155363  0.124335  0.0775257  
BPS-CFR  0.0536805  0.122808  -0.365295  -0.214608  2.77556e-17  -0.424076  0.103001  -0.42146  0.0566472  0.057607  -0.308975  
TIPS-CFR  0.407806  0.512157  0.120554  0.298541  0.424076  0  0.152881  0.0773423  0.599617  0.660102  -0.0746651  
CSPS-CFR  -0.0623043  0.128717  0.0921747  0.248838  -0.103001  -0.152881  2.08167e-17  -0.113417  -0.00642726  0.194267  -0.232915  
CFPS-CFR  0.406291  0.561745  0.0150626  0.393358  0.42146  -0.0773423  0.113417  -1.38778e-17  0.543846  0.562707  0.0207338  
CFPS-CFR_EX+IN  -0.00759321  0.0746435  -0.530338  -0.155363  -0.0566472  -0.599617  0.00642726  -0.543846  1.30104e-17  -0.00088831  -0.639232  
TIPS-CFR_EX+IN  -0.00814677  0.067653  -0.513799  -0.124335  -0.057607  -0.660102  -0.194267  -0.562707  0.00088831  -1.38778e-17  -0.48457  
BEHAV-CFR  0.205863  0.449976  0.111219  -0.0775257  0.308975  0.0746651  0.232915  -0.0207338  0.639232  0.48457  -3.46945e-18  
t = 5
CFR  1.38778e-17  0.0864452  -0.249864  -0.0850689  -0.0358761  -0.0648653  0.0888405  -0.304395  0.0720508  0.0640754  -0.40521  
CFR_EX+IN  -0.0864452  -1.38778e-17  -0.343222  0.0640167  -0.136621  -0.473912  -0.0181926  -0.390967  -0.0364399  -0.0331623  -0.496273  
CFR_IN  0.249864  0.343222  -3.1225e-17  -0.492347  0.234585  0.0252581  -0.0174962  -0.128792  0.32813  0.318733  -0.0706889  
A-CFR_IN  0.0850689  -0.0640167  0.492347  -5.55112e-17  0.400807  0.346997  -0.282658  0.443296  -0.0488821  -0.118483  -0.1216  
BPS-CFR  0.0358761  0.136621  -0.234585  -0.400807  -5.55112e-17  -0.228575  0.0368151  -0.162077  0.0933703  0.0796266  -0.329494  
TIPS-CFR  0.0648653  0.473912  -0.0252581  -0.346997  0.228575  3.46945e-17  0.112499  -0.14669  0.316898  0.409023  0.207744  
CSPS-CFR  -0.0888405  0.0181926  0.0174962  0.282658  -0.0368151  -0.112499  9.86076e-32  0.109418  0.077255  -0.022735  0.0434681  
CFPS-CFR  0.304395  0.390967  0.128792  -0.443296  0.162077  0.14669  -0.109418  2.77556e-17  0.38241  0.366269  -0.190059  
CFPS-CFR_EX+IN  -0.0720508  0.0364399  -0.32813  0.0488821  -0.0933703  -0.316898  -0.077255  -0.38241  -2.77556e-17  -7.2663e-05  -0.523568  
TIPS-CFR_EX+IN  -0.0640754  0.0331623  -0.318733  0.118483  -0.0796266  -0.409023  0.022735  -0.366269  7.2663e-05  0  -0.531236  
BEHAV-CFR  0.40521  0.496273  0.0706889  0.1216  0.329494  -0.207744  -0.0434681  0.190059  0.523568  0.531236  4.16334e-17  
t = 6
CFR  0  0.0143974  0.456476  -0.20536  -0.0219188  0.435051  -0.0755677  0.87314  0.00245632  -0.0191052  0.208272  
CFR_EX+IN  -0.0143974  0  0.821497  -0.227523  -0.0483341  0.543741  -0.104485  0.797451  -0.0147915  -0.0420791  0.0984259  
CFR_IN  -0.456476  -0.821497  -2.08167e-17  0.0664732  -0.323951  -0.00476453  0.0088171  0.0337823  -0.673695  -0.806667  0.115906  
A-CFR_IN  0.20536  0.227523  -0.0664732  0  0.202696  0.0783586  -0.105308  0.037688  0.140877  0.191872  0.555472  
BPS-CFR  0.0219188  0.0483341  0.323951  -0.202696  -1.38778e-17  0.456016  -0.011853  0.555944  0.0163861  -0.0240962  0.353471  
TIPS-CFR  -0.435051  -0.543741  0.00476453  -0.0783586  -0.456016  -2.77556e-17  -0.210645  0.134406  -0.47104  -0.755027  0.021724  
CSPS-CFR  0.0755677  0.104485  -0.0088171  0.105308  0.011853  0.210645  0  0.205032  0.104467  0.0760798  0.345591  
CFPS-CFR  -0.87314  -0.797451  -0.0337823  -0.037688  -0.555944  -0.134406  -0.205032  -1.47451e-17  -0.799886  -0.780932  0.0607179  
CFPS-CFR_EX+IN  -0.00245632  0.0147915  0.673695  -0.140877  -0.0163861  0.47104  -0.104467  0.799886  6.93889e-18  -0.0214094  0.4482  
TIPS-CFR_EX+IN  0.0191052  0.0420791  0.806667  -0.191872  0.0240962  0.755027  -0.0760798  0.780932  0.0214094  2.77556e-17  0.365377  
BEHAV-CFR  -0.208272  -0.0984259  -0.115906  -0.555472  -0.353471  -0.021724  -0.345591  -0.0607179  -0.4482  -0.365377  0  
t = 7
CFR  -2.77556e-17  -0.0854885  -0.0902519  0.28824  0.0141133  0.159946  0.0428962  -0.0276534  -0.0600101  -0.0800426  0.3627  
CFR_EX+IN  0.0854885  -6.93889e-18  0.0106283  0.160382  0.112663  0.131151  -0.018201  0.00837465  -0.0375094  0.00456278  0.141502  
CFR_IN  0.0902519  -0.0106283  2.77556e-17  -0.295887  0.0406755  0.108248  -0.272207  0.112667  -0.0655499  0.0370259  -0.102476  
A-CFR_IN  -0.28824  -0.160382  0.295887  -5.55112e-17  -0.354129  -0.392914  0.1938  -0.396896  -0.0387832  -0.233555  0.212778  
BPS-CFR  -0.0141133  -0.112663  -0.0406755  0.354129  2.08167e-17  0.196817  -0.16358  -0.045332  -0.0948017  -0.10758  0.406322  
TIPS-CFR  -0.159946  -0.131151  -0.108248  0.392914  -0.196817  0  -0.296421  -0.0395885  -0.195236  -0.185569  -0.064369  
CSPS-CFR  -0.0428962  0.018201  0.272207  -0.1938  0.16358  0.296421  5.55112e-17  0.327817  0.0105536  0.12811  0.394836  
CFPS-CFR  0.0276534  -0.00837465  -0.112667  0.396896  0.045332  0.0395885  -0.327817  0  0.0153135  -0.031033  -0.0758219  
CFPS-CFR_EX+IN  0.0600101  0.0375094  0.0655499  0.0387832  0.0948017  0.195236  -0.0105536  -0.0153135  2.77556e-17  0.00658472  0.239066  
TIPS-CFR_EX+IN  0.0800426  -0.00456278  -0.0370259  0.233555  0.10758  0.185569  -0.12811  0.031033  -0.00658472  -4.16334e-17  0.357146  
BEHAV-CFR  -0.3627  -0.141502  0.102476  -0.212778  -0.406322  0.064369  -0.394836  0.0758219  -0.239066  -0.357146  -3.46945e-18  
t = 8
CFR  -3.46945e-18  -0.0423333  0.467445  -0.367227  0.0114587  0.045927  -0.341296  -0.099666  -0.122804  -0.151299  -0.022735  
CFR_EX+IN  0.0423333  0  -0.0701231  0.0539206  0.0846617  -0.144791  -0.420345  -0.134509  0.139508  -0.00398812  0.0804184  
CFR_IN  -0.467445  0.0701231  -3.1225e-17  0.0278166  -0.320858  0.0190823  -0.433177  0.028281  0.130019  -0.171842  0.0555435  
A-CFR_IN  0.367227  -0.0539206  -0.0278166  -5.55112e-17  -0.132299  0.232356  0.0961696  0.207718  -0.266535  -0.170148  -0.240502  
BPS-CFR  -0.0114587  -0.0846617  0.320858  0.132299  -6.93889e-18  0.0528038  0.0437926  0.0289995  -0.176477  -0.233085  0.0252697  
TIPS-CFR  -0.045927  0.144791  -0.0190823  -0.232356  -0.0528038  0  0.0954067  0.235504  0.119199  0.15029  0.162829  
CSPS-CFR  0.341296  0.420345  0.433177  -0.0961696  -0.0437926  -0.0954067  0  -0.480862  0.347101  0.328708  -0.617306  
CFPS-CFR  0.099666  0.134509  -0.028281  -0.207718  -0.0289995  -0.235504  0.480862  -5.55112e-17  0.00978581  -0.075456  0.0133927  
CFPS-CFR_EX+IN  0.122804  -0.139508  -0.130019  0.266535  0.176477  -0.119199  -0.347101  -0.00978581  -1.38778e-17  -0.0417501  -0.352416  
TIPS-CFR_EX+IN  0.151299  0.00398812  0.171842  0.170148  0.233085  -0.15029  -0.328708  0.075456  0.0417501  0  -0.108323  
BEHAV-CFR  0.022735  -0.0804184  -0.0555435  0.240502  -0.0252697  -0.162829  0.617306  -0.0133927  0.352416  0.108323  0  
t = 9
CFR  -1.21431e-17  -0.275528  0.2732  0.203741  0.0728969  0.0565946  -0.675102  0.675499  -0.224723  -0.239159  0.165861  
CFR_EX+IN  0.275528  -2.77556e-17  0.665742  0.0918381  0.262677  0.378801  -0.344539  0.424137  0.0850187  0.041367  -0.119994  
CFR_IN  -0.2732  -0.665742  6.93889e-18  0.333969  -0.26841  0.204388  0.424974  0.157703  -0.646395  -0.194165  0.221119  
A-CFR_IN  -0.203741  -0.0918381  -0.333969  0  0.244558  -0.436672  -0.396916  0.0938499  0.0946299  -0.106914  0.00586109  
BPS-CFR  -0.0728969  -0.262677  0.26841  -0.244558  2.08167e-17  0.0126448  -0.513824  0.450063  -0.19581  -0.176615  -0.0138971  
TIPS-CFR  -0.0565946  -0.378801  -0.204388  0.436672  -0.0126448  0  0.614345  0.0229339  -0.0888876  -0.439358  0.371265  
CSPS-CFR  0.675102  0.344539  -0.424974  0.396916  0.513824  -0.614345  -1.38778e-17  -0.585257  0.324278  -0.216146  -0.173883  
CFPS-CFR  -0.675499  -0.424137  -0.157703  -0.0938499  -0.450063  -0.0229339  0.585257  -3.46945e-17  -0.164416  -0.129096  0.447995  
CFPS-CFR_EX+IN  0.224723  -0.0850187  0.646395  -0.0946299  0.19581  0.0888876  -0.324278  0.164416  -4.16334e-17  -0.0189249  -0.514926  
TIPS-CFR_EX+IN  0.239159  -0.041367  0.194165  0.106914  0.176615  0.439358  0.216146  0.129096  0.0189249  0  -0.412548  
BEHAV-CFR  -0.165861  0.119994  -0.221119  -0.00586109  0.0138971  -0.371265  0.173883  -0.447995  0.514926  0.412548  2.77556e-17  
t = 10
CFR  -1.38778e-17  0.00124561  0.059687  -0.248773  0.0389183  -0.131687  -0.132778  -0.0431436  0.1451  0.0374545  -0.174488  
CFR_EX+IN  -0.00124561  6.93889e-18  0.184326  0.448642  0.070218  -0.257135  -0.153872  -0.0201018  0.00364776  -0.0249866  0.00443282  
CFR_IN  -0.059687  -0.184326  0  0.107354  -0.24913  -0.0498287  0.527099  0.209829  -0.40291  -0.556291  -0.164792  
A-CFR_IN  0.248773  -0.448642  -0.107354  -1.11022e-16  0.443288  0.233377  0.07644  0.762508  -0.330092  -0.458045  0.3406  
BPS-CFR  -0.0389183  -0.070218  0.24913  -0.443288  -2.77556e-17  -0.097931  -0.175484  -0.140553  0.166828  0.123637  -0.256445  
TIPS-CFR  0.131687  0.257135  0.0498287  -0.233377  0.097931  0  -0.0496983  -0.0339928  0.00634119  0.0413369  -0.061001  
CSPS-CFR  0.132778  0.153872  -0.527099  -0.07644  0.175484  0.0496983  5.55112e-17  0.110409  -0.00223755  -0.0371688  -0.0132563  
CFPS-CFR  0.0431436  0.0201018  -0.209829  -0.762508  0.140553  0.0339928  -0.110409  0  -0.410422  -0.219694  0.0677022  
CFPS-CFR_EX+IN  -0.1451  -0.00364776  0.40291  0.330092  -0.166828  -0.00634119  0.00223755  0.410422  8.67362e-18  -0.0141195  0.577092  
TIPS-CFR_EX+IN  -0.0374545  0.0249866  0.556291  0.458045  -0.123637  -0.0413369  0.0371688  0.219694  0.0141195  2.08167e-17  0.445058  
BEHAV-CFR  0.174488  -0.00443282  0.164792  -0.3406  0.256445  0.061001  0.0132563  -0.0677022  -0.577092  -0.445058  2.77556e-17  
t = 11
CFR  -1.38778e-17  0.118317  0.0575233  0.27536  0.000434843  -0.358628  -0.0816433  -0.280736  0.132826  0.0318238  -0.204321  
CFR_EX+IN  -0.118317  -1.38778e-17  0.0885839  0.781685  -0.126716  0.160575  0.0726082  -0.039802  -0.0829778  -0.121849  0.076513  
CFR_IN  -0.0575233  -0.0885839  0  -0.541084  -0.147489  -0.12104  -0.118412  -0.0632226  0.0907946  -0.0984164  0.0142991  
A-CFR_IN  -0.27536  -0.781685  0.541084  0  -0.195  -0.394876  0.174771  -0.165624  -0.169773  -0.636448  -0.134768  
BPS-CFR  -0.000434843  0.126716  0.147489  0.195  -1.38778e-17  -0.122271  -0.272524  -0.152988  0.0889113  0.0241822  -0.151098  
TIPS-CFR  0.358628  -0.160575  0.12104  0.394876  0.122271  0  0.119485  0.0992342  0.158117  0.183954  0.0958015  
CSPS-CFR  0.0816433  -0.0726082  0.118412  -0.174771  0.272524  -0.119485  0  -0.184147  0.073201  -0.15287  -0.179878  
CFPS-CFR  0.280736  0.039802  0.0632226  0.165624  0.152988  -0.0992342  0.184147  0  -0.159986  0.19686  0.0772106  
CFPS-CFR_EX+IN  -0.132826  0.0829778  -0.0907946  0.169773  -0.0889113  -0.158117  -0.073201  0.159986  -6.93889e-18  -0.03348  0.216377  
TIPS-CFR_EX+IN  -0.0318238  0.121849  0.0984164  0.636448  -0.0241822  -0.183954  0.15287  -0.19686  0.03348  -3.46945e-18  0.161404  
BEHAV-CFR  0.204321  -0.076513  -0.0142991  0.134768  0.151098  -0.0958015  0.179878  -0.0772106  -0.216377  -0.161404  0  
t = 12
CFR  0  0.00462135  -0.589706  0.285139  -0.0314435  -0.483543  0.0705331  -0.264934  0.00373266  -0.232996  -0.626041  
CFR_EX+IN  -0.00462135  0  -0.217095  -0.148481  -0.0558046  -0.202869  0.215515  -0.362349  0.00158412  -0.121753  -0.389807  
CFR_IN  0.589706  0.217095  1.38778e-17  0.240955  0.650389  -0.0613831  -0.211018  0.0158669  0.173415  0.123634  -0.0260528  
A-CFR_IN  -0.285139  0.148481  -0.240955  0  -0.0112591  0.0205698  0.146377  -0.569345  0.226607  -0.409322  -0.396968  
BPS-CFR  0.0314435  0.0558046  -0.650389  0.0112591  0  -0.347081  -0.226891  -0.432527  -0.0210666  -0.16519  -0.540804  
TIPS-CFR  0.483543  0.202869  0.0613831  -0.0205698  0.347081  0  0.125434  0.0174176  0.322855  0.165211  0.108451  
CSPS-CFR  -0.0705331  -0.215515  0.211018  -0.146377  0.226891  -0.125434  0  -0.322405  -0.0702842  0.0744691  0.127863  
CFPS-CFR  0.264934  0.362349  -0.0158669  0.569345  0.432527  -0.0174176  0.322405  -2.77556e-17  0.33546  0.336363  -0.515198  
CFPS-CFR_EX+IN  -0.00373266  -0.00158412  -0.173415  -0.226607  0.0210666  -0.322855  0.0702842  -0.33546  -1.38778e-17  -0.0164017  -0.263897  
TIPS-CFR_EX+IN  0.232996  0.121753  -0.123634  0.409322  0.16519  -0.165211  -0.0744691  -0.336363  0.0164017  3.46945e-18  -0.339964  
BEHAV-CFR  0.626041  0.389807  0.0260528  0.396968  0.540804  -0.108451  -0.127863  0.515198  0.263897  0.339964  -2.77556e-17  
t = 13
CFR  0  -0.165692  -0.100925  -0.27034  0.0426112  -0.248348  -0.0376539  -0.38221  -0.263829  -0.314897  -0.0209254  
CFR_EX+IN  0.165692  -2.77556e-17  -0.259438  0.0519489  0.0246858  -0.4623  0.0912784  -0.164563  0.0125278  -0.0406796  -0.359634  
CFR_IN  0.100925  0.259438  -1.38778e-17  0.0611953  0.477776  0.0884172  0.356193  -0.206675  0.187081  0.192879  -0.27423  
A-CFR_IN  0.27034  -0.0519489  -0.0611953  1.11022e-16  0.608419  0.235225  -0.457818  -0.178315  -0.491717  -0.000281482  -0.386415  
BPS-CFR  -0.0426112  -0.0246858  -0.477776  -0.608419  0  -0.453572  0.0924837  -0.0244881  -0.0828409  -0.159366  -0.153045  
TIPS-CFR  0.248348  0.4623  -0.0884172  -0.235225  0.453572  2.77556e-17  0.116404  0.0968675  0.226864  0.303853  0.0769198  
CSPS-CFR  0.0376539  -0.0912784  -0.356193  0.457818  -0.0924837  -0.116404  2.77556e-17  -0.10214  -0.165749  0.287827  0.0918137  
CFPS-CFR  0.38221  0.164563  0.206675  0.178315  0.0244881  -0.0968675  0.10214  2.77556e-17  0.0341543  0.0441346  0.4566  
CFPS-CFR_EX+IN  0.263829  -0.0125278  -0.187081  0.491717  0.0828409  -0.226864  0.165749  -0.0341543  2.08167e-17  -0.0325743  -0.523733  
TIPS-CFR_EX+IN  0.314897  0.0406796  -0.192879  0.000281482  0.159366  -0.303853  -0.287827  -0.0441346  0.0325743  1.73472e-17  -0.447647  
BEHAV-CFR  0.0209254  0.359634  0.27423  0.386415  0.153045  -0.0769198  -0.0918137  -0.4566  0.523733  0.447647  -1.38778e-17  
t = 14
CFR  0  -0.539904  -0.0183887  -0.420142  -0.20166  0.0755935  -0.065728  0.152722  -0.10313  -0.0446392  -0.278229  
CFR_EX+IN  0.539904  2.08167e-17  -0.240164  0.0798745  0.288495  -0.392967  -0.11542  -0.238101  0.0482123  0.0372018  -0.332532  
CFR_IN  0.0183887  0.240164  -2.77556e-17  -0.103151  0.149449  -0.013211  -0.135336  0.0730336  0.00938859  0.297523  0.0870433  
A-CFR_IN  0.420142  -0.0798745  0.103151  2.22045e-16  0.161401  -0.0910861  0.0770059  0.23865  -0.210797  -0.470537  -0.279122  
BPS-CFR  0.20166  -0.288495  -0.149449  -0.161401  0  -0.0446291  -0.112865  -0.0382378  -0.247118  0.00861805  -0.171714  
TIPS-CFR  -0.0755935  0.392967  0.013211  0.0910861  0.0446291  1.38778e-17  -0.232359  0.0209166  0.24582  0.206422  -0.265224  
CSPS-CFR  0.065728  0.11542  0.135336  -0.0770059  0.112865  0.232359  0  0.414478  0.042203  -0.114951  0.159646  
CFPS-CFR  -0.152722  0.238101  -0.0730336  -0.23865  0.0382378  -0.0209166  -0.414478  -5.55112e-17  0.0388012  0.125877  0.0364318  
CFPS-CFR_EX+IN  0.10313  -0.0482123  -0.00938859  0.210797  0.247118  -0.24582  -0.042203  -0.0388012  6.93889e-18  -0.123481  -0.124471  
TIPS-CFR_EX+IN  0.0446392  -0.0372018  -0.297523  0.470537  -0.00861805  -0.206422  0.114951  -0.125877  0.123481  0  -0.120756  
BEHAV-CFR  0.278229  0.332532  -0.0870433  0.279122  0.171714  0.265224  -0.159646  -0.0364318  0.124471  0.120756  -1.11022e-16  
t = 15
CFR  -1.38778e-17  -0.138071  -0.263644  0.00292826  -0.355014  0.234392  0.131694  -0.205471  0.00655085  0.0408834  -0.468374  
CFR_EX+IN  0.138071  2.77556e-17  0.131299  -0.126024  -0.22002  -0.309427  -0.283806  -0.220112  0.10915  -0.0403489  -0.173888  
CFR_IN  0.263644  -0.131299  5.55112e-17  -0.200908  0.0238284  -0.0778088  0.238083  -0.16981  -0.17915  -0.0280427  0.136573  
A-CFR_IN  -0.00292826  0.126024  0.200908  0  -0.0818785  -0.821292  -0.113419  0.224657  -0.263637  -0.130323  -0.381057  
BPS-CFR  0.355014  0.22002  -0.0238284  0.0818785  -1.04083e-17  0.397776  -0.142946  -0.207362  0.170623  0.019797  -0.0599169  
TIPS-CFR  -0.234392  0.309427  0.0778088  0.821292  -0.397776  2.77556e-17  0.337932  -0.219465  0.161088  0.0540466  -0.165104  
CSPS-CFR  -0.131694  0.283806  -0.238083  0.113419  0.142946  -0.337932  0  0.117457  0.214719  -0.260305  -0.290092  
CFPS-CFR  0.205471  0.220112  0.16981  -0.224657  0.207362  0.219465  -0.117457  0  0.32812  0.271112  0.0562036  
CFPS-CFR_EX+IN  -0.00655085  -0.10915  0.17915  0.263637  -0.170623  -0.161088  -0.214719  -0.32812  6.93889e-18  -0.116591  0.0137185  
TIPS-CFR_EX+IN  -0.0408834  0.0403489  0.0280427  0.130323  -0.019797  -0.0540466  0.260305  -0.271112  0.116591  -6.93889e-18  -0.219726  
BEHAV-CFR  0.468374  0.173888  -0.136573  0.381057  0.0599169  0.165104  0.290092  -0.0562036  -0.0137185  0.219726  0  
t = 16
CFR  1.38778e-17  0.117595  0.0631355  -0.186602  0.0495408  0.0893206  -0.322788  -0.422327  -0.215131  0.0112767  -0.543585  
CFR_EX+IN  -0.117595  1.38778e-17  -0.105836  -0.444466  -0.00381156  0.0672107  -0.316103  -0.176845  0.0741247  -0.0630078  -0.270397  
CFR_IN  -0.0631355  0.105836  0  -0.422894  0.0643123  0.0685958  -0.124688  -0.26777  0.102299  -0.224609  -0.13335  
A-CFR_IN  0.186602  0.444466  0.422894  0  -0.182182  -0.183976  -0.261026  0.274023  -0.224441  0.412779  0.00291061  
BPS-CFR  -0.0495408  0.00381156  -0.0643123  0.182182  2.77556e-17  0.0807856  -0.038285  -0.255579  0.095741  -0.00110958  -0.335382  
TIPS-CFR  -0.0893206  -0.0672107  -0.0685958  0.183976  -0.0807856  6.93889e-18  -0.103118  -0.0207756  -0.0445241  0.0527531  -0.131842  
CSPS-CFR  0.322788  0.316103  0.124688  0.261026  0.038285  0.103118  -5.55112e-17  0.0208128  0.207446  -0.247182  -0.146229  
CFPS-CFR  0.422327  0.176845  0.26777  -0.274023  0.255579  0.0207756  -0.0208128  -2.77556e-17  0.225433  0.148257  -0.28589  
CFPS-CFR_EX+IN  0.215131  -0.0741247  -0.102299  0.224441  -0.095741  0.0445241  -0.207446  -0.225433  6.93889e-18  0.00740747  -0.181049  
TIPS-CFR_EX+IN  -0.0112767  0.0630078  0.224609  -0.412779  0.00110958  -0.0527531  0.247182  -0.148257  -0.00740747  -6.93889e-18  0.00248639  
BEHAV-CFR  0.543585  0.270397  0.13335  -0.00291061  0.335382  0.131842  0.146229  0.28589  0.181049  -0.00248639  -5.55112e-17  
t = 17
CFR  -2.77556e-17  0.15623  0.373814  -0.300242  0.144887  -0.102539  0.0928447  -0.0868211  -0.228898  -0.237524  0.0428962  
CFR_EX+IN  -0.15623  -6.93889e-18  -0.20369  -0.266516  0.0885613  0.126608  -0.0864826  -0.227271  -0.0448768  0.0065952  -0.237187  
CFR_IN  -0.373814  0.20369  1.38778e-17  0.0436975  -0.343899  -0.110482  -0.133585  -0.0217661  0.259324  -0.0412222  -0.149084  
A-CFR_IN  0.300242  0.266516  -0.0436975  0  -0.233983  0.0292572  -0.105722  -0.595367  0.262845  0.303874  0.434475  
BPS-CFR  -0.144887  -0.0885613  0.343899  0.233983  1.38778e-17  -0.108739  -0.0128097  -0.0368176  0.0271256  -0.0436197  0.0422408  
TIPS-CFR  0.102539  -0.126608  0.110482  -0.0292572  0.108739  -2.77556e-17  -0.0572677  0.0367236  -0.23533  0.137285  0.142183  
CSPS-CFR  -0.0928447  0.0864826  0.133585  0.105722  0.0128097  0.0572677  0  -0.17935  -0.0676718  -0.197975  -0.125232  
CFPS-CFR  0.0868211  0.227271  0.0217661  0.595367  0.0368176  -0.0367236  0.17935  0  -0.0680865  -0.112614  -0.232367  
CFPS-CFR_EX+IN  0.228898  0.0448768  -0.259324  -0.262845  -0.0271256  0.23533  0.0676718  0.0680865  2.08167e-17  0.224008  -0.200002  
TIPS-CFR_EX+IN  0.237524  -0.0065952  0.0412222  -0.303874  0.0436197  -0.137285  0.197975  0.112614  -0.224008  -6.93889e-18  -0.0445649  
BEHAV-CFR  -0.0428962  0.237187  0.149084  -0.434475  -0.0422408  -0.142183  0.125232  0.232367  0.200002  0.0445649  -2.77556e-17  
t = 18
CFR  1.9082e-17  0.193645  0.289954  -0.0978655  0.129101  -0.0952249  0.51215  0.119142  0.005807  -0.183404  0.372423  
CFR_EX+IN  -0.193645  0  -0.0289417  -0.388763  -0.0238347  -0.139111  -0.509653  -0.0796758  -0.161346  -0.0955337  0.34663  
CFR_IN  -0.289954  0.0289417  0  0.683356  -0.23147  -0.497064  -0.197545  0.0891844  0.177175  0.180459  -0.7345  
A-CFR_IN  0.0978655  0.388763  -0.683356  0  0.058079  -0.273904  -0.543562  -0.282358  -0.0589551  0.166462  -0.143233  
BPS-CFR  -0.129101  0.0238347  0.23147  -0.058079  6.93889e-18  -0.217368  0.176753  -0.143229  0.114428  0.151924  0.284325  
TIPS-CFR  0.0952249  0.139111  0.497064  0.273904  0.217368  0  0.149592  -0.210827  -0.0995839  0.0727871  -0.483381  
CSPS-CFR  -0.51215  0.509653  0.197545  0.543562  -0.176753  -0.149592  -1.04083e-17  -0.3802  -0.256929  -0.0272562  -0.225489  
CFPS-CFR  -0.119142  0.0796758  -0.0891844  0.282358  0.143229  0.210827  0.3802  2.77556e-17  -0.037067  0.0236258  -0.0996975  
CFPS-CFR_EX+IN  -0.005807  0.161346  -0.177175  0.0589551  -0.114428  0.0995839  0.256929  0.037067  0  0.173564  -0.00969412  
TIPS-CFR_EX+IN  0.183404  0.0955337  -0.180459  -0.166462  -0.151924  -0.0727871  0.0272562  -0.0236258  -0.173564  6.93889e-18  -0.114148  
BEHAV-CFR  -0.372423  -0.34663  0.7345  0.143233  -0.284325  0.483381  0.225489  0.0996975  0.00969412  0.114148  1.38778e-17  
t = 19
CFR  0  0.203543  -0.0625276  -0.320836  0.107218  -0.108098  0.367384  -0.00378832  0.302499  -0.135491  -0.0705332  
CFR_EX+IN  -0.203543  2.77556e-17  0.22892  -0.31223  -0.345098  -0.221735  -0.386777  0.025142  -0.3233  -0.421252  -0.123769  
CFR_IN  0.0625276  -0.22892  0  0.865397  -0.104553  -0.149778  -0.238197  -0.132221  0.00131157  0.0230378  -0.148015  
A-CFR_IN  0.320836  0.31223  -0.865397  -2.77556e-17  0.170461  0.161912  -0.530975  -0.201948  -0.47951  0.256817  0.123653  
BPS-CFR  -0.107218  0.345098  0.104553  -0.170461  1.38778e-17  -0.371278  0.536531  -0.212454  0.286161  0.147921  0.0525715  
TIPS-CFR  0.108098  0.221735  0.149778  -0.161912  0.371278  2.77556e-17  0.295427  -0.123629  -0.0459636  -0.052316  0.0430869  
CSPS-CFR  -0.367384  0.386777  0.238197  0.530975  -0.536531  -0.295427  -5.55112e-17  -0.38097  -0.121503  -0.0746204  -0.256468  
CFPS-CFR  0.00378832  -0.025142  0.132221  0.201948  0.212454  0.123629  0.38097  1.11022e-16  0.119586  0.170926  -0.184214  
CFPS-CFR_EX+IN  -0.302499  0.3233  -0.00131157  0.47951  -0.286161  0.0459636  0.121503  -0.119586  1.04083e-17  -0.0662058  -0.303184  
TIPS-CFR_EX+IN  0.135491  0.421252  -0.0230378  -0.256817  -0.147921  0.052316  0.0746204  -0.170926  0.0662058  -1.38778e-17  -0.25473  
BEHAV-CFR  0.0705332  0.123769  0.148015  -0.123653  -0.0525715  -0.0430869  0.256468  0.184214  0.303184  0.25473  0  
t = 20
CFR  -5.55112e-17  -0.0362853  0.010328  -0.401623  0.0489982  0.00781643  -0.23938  -0.298878  0.155367  -0.0825186  -0.101421  
CFR_EX+IN  0.0362853  0  0.288009  -0.306645  -0.382858  -0.00604676  -0.0166926  -0.061083  -0.534506  -0.337307  -0.42738  
CFR_IN  -0.010328  -0.288009  1.38778e-17  0.255036  0.0636679  -0.00153333  -0.194973  -0.310893  -0.167026  -0.101468  -0.381581  
A-CFR_IN  0.401623  0.306645  -0.255036  1.11022e-16  0.229233  -0.272794  -0.184304  -0.124357  -0.340442  0.0736097  0.138024  
BPS-CFR  -0.0489982  0.382858  -0.0636679  -0.229233  0  -0.188066  0.535399  -0.00244872  0.304314  -0.0206473  -0.202317  
TIPS-CFR  -0.00781643  0.00604676  0.00153333  0.272794  0.188066  0  0.294292  -0.080685  0.190586  -0.0675353  0.0503082  
CSPS-CFR  0.23938  0.0166926  0.194973  0.184304  -0.535399  -0.294292  -2.77556e-17  -0.155103  0.0288365  0.105469  -0.080237  
CFPS-CFR  0.298878  0.061083  0.310893  0.124357  0.00244872  0.080685  0.155103  6.93889e-18  0.219863  0.176982  -0.240147  
CFPS-CFR_EX+IN  -0.155367  0.534506  0.167026  0.340442  -0.304314  -0.190586  -0.0288365  -0.219863  -2.08167e-17  -0.074686  -0.0474618  
TIPS-CFR_EX+IN  0.0825186  0.337307  0.101468  -0.0736097  0.0206473  0.0675353  -0.105469  -0.176982  0.074686  6.50521e-18  -0.0513381  
BEHAV-CFR  0.101421  0.42738  0.381581  -0.138024  0.202317  -0.0503082  0.080237  0.240147  0.0474618  0.0513381  -5.55112e-17  
t = 21
CFR  1.38778e-17  -0.357868  0.0342146  -0.250987  -0.0594269  0.0210243  0.110242  -0.184659  -0.0969071  -0.127267  -0.119833  
CFR_EX+IN  0.357868  -4.16334e-17  0.0840297  0.0430586  -0.242171  0.0698882  0.17758  -0.288507  -0.367864  -0.0688599  -0.127079  
CFR_IN  -0.0342146  -0.0840297  2.77556e-17  0.539382  -0.0614638  0.104234  -0.325039  0.0989978  -0.2347  -0.222616  0.0394002  
A-CFR_IN  0.250987  -0.0430586  -0.539382  -5.55112e-17  0.167313  -0.193431  0.115069  0.121783  -0.404788  -0.00703798  -0.034266  
BPS-CFR  0.0594269  0.242171  0.0614638  -0.167313  -6.93889e-18  -0.171636  0.180604  0.209046  0.106667  -0.108515  -0.166343  
TIPS-CFR  -0.0210243  -0.0698882  -0.104234  0.193431  0.171636  -6.93889e-18  0.0608632  0.017732  0.113312  0.167288  -0.358155  
CSPS-CFR  -0.110242  -0.17758  0.325039  -0.115069  -0.180604  -0.0608632  0  0.0155976  0.127811  0.104318  -0.0349295  
CFPS-CFR  0.184659  0.288507  -0.0989978  -0.121783  -0.209046  -0.017732  -0.0155976  0  0.0896534  0.0347622  -0.113118  
CFPS-CFR_EX+IN  0.0969071  0.367864  0.2347  0.404788  -0.106667  -0.113312  -0.127811  -0.0896534  -1.38778e-17  0.0110621  -0.137097  
TIPS-CFR_EX+IN  0.127267  0.0688599  0.222616  0.00703798  0.108515  -0.167288  -0.104318  -0.0347622  -0.0110621  -6.93889e-18  0.141465  
BEHAV-CFR  0.119833  0.127079  -0.0394002  0.034266  0.166343  0.358155  0.0349295  0.113118  0.137097  -0.141465  -5.55112e-17  
t = 22
CFR  -1.38778e-17  0.423922  0.102362  -0.253694  -0.243987  -0.0433234  0.199284  -0.049908  -0.327302  -0.0852361  -0.162875  
CFR_EX+IN  -0.423922  -1.38778e-17  -0.103551  0.167066  -0.120112  0.102829  0.132033  -0.291011  -0.05664  0.0714159  -0.0144226  
CFR_IN  -0.102362  0.103551  0  0.570897  -0.206122  0.269141  0.0895678  0.191547  -0.129482  -0.206586  -0.38904  
A-CFR_IN  0.253694  -0.167066  -0.570897  1.11022e-16  -0.0662872  -0.115252  0.190742  0.128703  -0.499631  -0.21913  0.357559  
BPS-CFR  0.243987  0.120112  0.206122  0.0662872  0  -0.143809  -0.0992892  0.0554348  -0.0138135  0.0172135  -0.193686  
TIPS-CFR  0.0433234  -0.102829  -0.269141  0.115252  0.143809  0  0.0441962  -0.00894091  0.0197375  0.156327  -0.0814451  
CSPS-CFR  -0.199284  -0.132033  -0.0895678  -0.190742  0.0992892  -0.0441962  -1.11022e-16  -0.00615269  -0.0081263  0.10798  -0.0206817  
CFPS-CFR  0.049908  0.291011  -0.191547  -0.128703  -0.0554348  0.00894091  0.00615269  0  0.0760702  0.0291532  -0.0488367  
CFPS-CFR_EX+IN  0.327302  0.05664  0.129482  0.499631  0.0138135  -0.0197375  0.0081263  -0.0760702  6.93889e-18  0.0081446  -0.0959128  
TIPS-CFR_EX+IN  0.0852361  -0.0714159  0.206586  0.21913  -0.0172135  -0.156327  -0.10798  -0.0291532  -0.0081446  -2.42861e-17  0.0128071  
BEHAV-CFR  0.162875  0.0144226  0.38904  -0.357559  0.193686  0.0814451  0.0206817  0.0488367  0.0959128  -0.0128071  0  
t = 23
CFR  0  0.300631  -0.0253363  0.00596309  -0.414517  -0.206862  0.139071  0.0522566  -0.254951  -0.0535814  -0.239408  
CFR_EX+IN  -0.300631  -2.08167e-17  0.130526  0.0187863  0.0814856  -0.084892  0.124397  0.0474425  0.0901471  0.119654  -0.522158  
CFR_IN  0.0253363  -0.130526  -1.38778e-17  0.46042  0.38641  -0.311961  0.148064  -0.204281  -0.0701006  -0.206554  -0.477514  
A-CFR_IN  -0.00596309  -0.0187863  -0.46042  0  -0.0433458  0.0550312  0.273603  -0.174551  -0.177477  -0.265857  0.0596836  
BPS-CFR  0.414517  -0.0814856  -0.38641  0.0433458  1.38778e-17  -0.0229891  0.0748889  0.092246  -0.0408468  -0.0161644  -0.237555  
TIPS-CFR  0.206862  0.084892  0.311961  -0.0550312  0.0229891  2.77556e-17  -0.244781  -0.121664  0.000722298  -0.0344952  0.0277301  
CSPS-CFR  -0.139071  -0.124397  -0.148064  -0.273603  -0.0748889  0.244781  5.55112e-17  -0.39612  0.0633564  0.0286353  -0.132075  
CFPS-CFR  -0.0522566  -0.0474425  0.204281  0.174551  -0.092246  0.121664  0.39612  0  0.0921975  0.083113  0.222291  
CFPS-CFR_EX+IN  0.254951  -0.0901471  0.0701006  0.177477  0.0408468  -0.000722298  -0.0633564  -0.0921975  -1.38778e-17  -0.0397685  -0.0874442  
TIPS-CFR_EX+IN  0.0535814  -0.119654  0.206554  0.265857  0.0161644  0.0344952  -0.0286353  -0.083113  0.0397685  6.93889e-18  0.194645  
BEHAV-CFR  0.239408  0.522158  0.477514  -0.0596836  0.237555  -0.0277301  0.132075  -0.222291  0.0874442  -0.194645  0  
t = 24
CFR  1.38778e-17  -0.131785  0.0786958  0.0925455  -0.249143  -0.264696  0.176033  -0.0153972  0.000142746  -0.107359  -0.236382  
CFR_EX+IN  0.131785  0  -0.238295  0.493247  0.258102  -0.11765  0.279735  -0.183666  0.131505  -0.0144323  -0.315634  
CFR_IN  -0.0786958  0.238295  0  -0.138813  -0.0169303  -0.597845  0.384124  -0.531673  -0.0116773  -0.196312  -0.285374  
A-CFR_IN  -0.0925455  -0.493247  0.138813  5.55112e-17  -0.223179  -0.037448  0.357797  -0.490584  0.0948633  0.26073  -0.0644849  
BPS-CFR  0.249143  -0.258102  0.0169303  0.223179  0  0.210104  -0.399091  0.00628318  -0.0881458  0.13599  -0.0934305  
TIPS-CFR  0.264696  0.11765  0.597845  0.037448  -0.210104  5.55112e-17  0.106741  -0.191785  0.0280427  -0.145068  0.0206432  
CSPS-CFR  -0.176033  -0.279735  -0.384124  -0.357797  0.399091  -0.106741  1.04083e-17  -0.0334244  0.0727737  0.0217585  -0.146344  
CFPS-CFR  0.0153972  0.183666  0.531673  0.490584  -0.00628318  0.191785  0.0334244  5.55112e-17  0.0104338  -0.0239508  -0.0758311  
CFPS-CFR_EX+IN  -0.000142746  -0.131505  0.0116773  -0.0948633  0.0881458  -0.0280427  -0.0727737  -0.0104338  -1.38778e-17  -0.0881134  -0.088552  
TIPS-CFR_EX+IN  0.107359  0.0144323  0.196312  -0.26073  -0.13599  0.145068  -0.0217585  0.0239508  0.0881134  6.93889e-18  0.10206  
BEHAV-CFR  0.236382  0.315634  0.285374  0.0644849  0.0934305  -0.0206432  0.146344  0.0758311  0.088552  -0.10206  2.77556e-17  
t = 25
CFR  0  -0.618173  -0.105984  0.0642583  -0.0901285  -0.0186337  -0.1502  -0.152201  0.063805  -0.101505  -0.0878133  
CFR_EX+IN  0.618173  0  -0.1294  0.155694  0.102799  0.0010562  0.151389  -0.0312342  0.244641  -0.186437  -0.089987  
CFR_IN  0.105984  0.1294  0  -0.0592385  -0.10391  -0.65519  0.0463034  -0.23628  0.120874  -0.122808  -0.0335666  
A-CFR_IN  -0.0642583  -0.155694  0.0592385  0  -0.107812  -0.589016  -0.142745  0.182844  -0.169475  0.198482  -0.272914  
BPS-CFR  0.0901285  -0.102799  0.10391  0.107812  0  0.21272  -0.373403  -0.0721448  -0.228348  -0.0306081  -0.0507394  
TIPS-CFR  0.0186337  -0.0010562  0.65519  0.589016  -0.21272  0  0.204555  0.450642  0.390297  -0.101085  0.0917768  
CSPS-CFR  0.1502  -0.151389  -0.0463034  0.142745  0.373403  -0.204555  0  0.181537  -0.00437432  0.00107656  0.0115971  
CFPS-CFR  0.152201  0.0312342  0.23628  -0.182844  0.0721448  -0.450642  -0.181537  0  -0.175522  -0.26716  -0.291148  
CFPS-CFR_EX+IN  -0.063805  -0.244641  -0.120874  0.169475  0.228348  -0.390297  0.00437432  0.175522  0  -0.139774  0.0252112  
TIPS-CFR_EX+IN  0.101505  0.186437  0.122808  -0.198482  0.0306081  0.101085  -0.00107656  0.26716  0.139774  1.38778e-17  -0.0786864  
BEHAV-CFR  0.0878133  0.089987  0.0335666  0.272914  0.0507394  -0.0917768  -0.0115971  0.291148  -0.0252112  0.0786864  2.77556e-17  
t = 26
CFR  0  -0.212245  -0.0584158  -0.0446742  -0.0537863  0.0365175  -0.303319  -0.274321  0.133185  -0.0586172  0.0800166  
CFR_EX+IN  0.212245  1.38778e-17  -0.0031728  0.135426  0.0919416  -0.00888477  -0.0417064  0.18074  0.300214  -0.166939  -0.095162  
CFR_IN  0.0584158  0.0031728  0  0.263654  -0.0349123  -0.245079  0.148909  -0.391695  -0.199768  0.332154  -0.016527  
A-CFR_IN  0.0446742  -0.135426  -0.263654  1.11022e-16  -0.174052  -0.480911  0.34962  0.281179  0.404691  -0.04757  -0.16008  
BPS-CFR  0.0537863  -0.0919416  0.0349123  0.174052  -6.93889e-18  -0.0701579  -0.0969546  0.0422199  -0.188522  -0.201076  -0.207307  
TIPS-CFR  -0.0365175  0.00888477  0.245079  0.480911  0.0701579  0  -0.0213203  -0.0149668  -0.0730738  0.0166517  0.00181171  
CSPS-CFR  0.303319  0.0417064  -0.148909  -0.34962  0.0969546  0.0213203  5.55112e-17  0.037928  -0.0159119  0.182846  0.111467  
CFPS-CFR  0.274321  -0.18074  0.391695  -0.281179  -0.0422199  0.0149668  -0.037928  -1.11022e-16  -0.301075  -0.315196  -0.45645  
CFPS-CFR_EX+IN  -0.133185  -0.300214  0.199768  -0.404691  0.188522  0.0730738  0.0159119  0.301075  -2.77556e-17  -0.153274  -0.0258006  
TIPS-CFR_EX+IN  0.0586172  0.166939  -0.332154  0.04757  0.201076  -0.0166517  -0.182846  0.315196  0.153274  -1.38778e-17  -0.158547  
BEHAV-CFR  -0.0800166  0.095162  0.016527  0.16008  0.207307  -0.00181171  -0.111467  0.45645  0.0258006  0.158547  0  
t = 27
CFR  0  0.051797  -0.0810064  0.56792  -0.0218764  0.0487401  -0.216781  0.0852455  0.052852  -0.0744968  0.105498  
CFR_EX+IN  -0.051797  -6.93889e-18  0.0806382  0.294983  0.102332  -0.23668  -0.121934  0.0938186  0.160903  -0.0205583  -0.0395742  
CFR_IN  0.0810064  -0.0806382  0  0.0841223  -0.0615621  0.00439435  0.148272  0.0498856  0.0514136  -0.183663  -0.0664476  
A-CFR_IN  -0.56792  -0.294983  -0.0841223  -2.77556e-17  -0.405692  -0.124074  0.188598  -0.129317  0.427879  -0.33642  -0.47925  
BPS-CFR  0.0218764  -0.102332  0.0615621  0.405692  6.93889e-18  -0.155265  -0.0849496  -0.0546063  -0.00506384  -0.138603  -0.157947  
TIPS-CFR  -0.0487401  0.23668  -0.00439435  0.124074  0.155265  0  -0.218722  -0.191473  -0.0891051  0.280153  -0.0648828  
