learner/env  CFR  CFR_EX+IN  CFR_IN  A-CFR_IN  BPS-CFR  TIPS-CFR  CSPS-CFR  CFPS-CFR  CFPS-CFR_EX+IN  TIPS-CFR_EX+IN  BEHAV-CFR  
t = 0
CFR  5.55112e-17  5.55112e-17  5.55112e-17  5.55112e-17  5.55112e-17  5.55112e-17  5.55112e-17  5.55112e-17  5.55112e-17  5.55112e-17  5.55112e-17  
CFR_EX+IN  5.55112e-17  5.55112e-17  5.55112e-17  5.55112e-17  5.55112e-17  5.55112e-17  5.55112e-17  5.55112e-17  5.55112e-17  5.55112e-17  5.55112e-17  
CFR_IN  5.55112e-17  5.55112e-17  5.55112e-17  5.55112e-17  5.55112e-17  5.55112e-17  5.55112e-17  5.55112e-17  5.55112e-17  5.55112e-17  5.55112e-17  
A-CFR_IN  5.55112e-17  5.55112e-17  5.55112e-17  5.55112e-17  5.55112e-17  5.55112e-17  5.55112e-17  5.55112e-17  5.55112e-17  5.55112e-17  5.55112e-17  
BPS-CFR  5.55112e-17  5.55112e-17  5.55112e-17  5.55112e-17  5.55112e-17  5.55112e-17  5.55112e-17  5.55112e-17  5.55112e-17  5.55112e-17  5.55112e-17  
TIPS-CFR  5.55112e-17  5.55112e-17  5.55112e-17  5.55112e-17  5.55112e-17  5.55112e-17  5.55112e-17  5.55112e-17  5.55112e-17  5.55112e-17  5.55112e-17  
CSPS-CFR  5.55112e-17  5.55112e-17  5.55112e-17  5.55112e-17  5.55112e-17  5.55112e-17  5.55112e-17  5.55112e-17  5.55112e-17  5.55112e-17  5.55112e-17  
CFPS-CFR  5.55112e-17  5.55112e-17  5.55112e-17  5.55112e-17  5.55112e-17  5.55112e-17  5.55112e-17  5.55112e-17  5.55112e-17  5.55112e-17  5.55112e-17  
CFPS-CFR_EX+IN  5.55112e-17  5.55112e-17  5.55112e-17  5.55112e-17  5.55112e-17  5.55112e-17  5.55112e-17  5.55112e-17  5.55112e-17  5.55112e-17  5.55112e-17  
TIPS-CFR_EX+IN  5.55112e-17  5.55112e-17  5.55112e-17  5.55112e-17  5.55112e-17  5.55112e-17  5.55112e-17  5.55112e-17  5.55112e-17  5.55112e-17  5.55112e-17  
BEHAV-CFR  5.55112e-17  5.55112e-17  5.55112e-17  5.55112e-17  5.55112e-17  5.55112e-17  5.55112e-17  5.55112e-17  5.55112e-17  5.55112e-17  5.55112e-17  
t = 1
CFR  0  0.0162319  0.746667  0.746667  0  0.746667  0.746667  0.746667  0.0162319  0.0162319  0.746667  
CFR_EX+IN  -0.0162319  0  0.730435  0.730435  -0.0162319  0.730435  0.730435  0.730435  -4.44089e-16  0  0.730435  
CFR_IN  -0.746667  -0.730435  0  0  -0.746667  0  0  8.88178e-16  -0.730435  -0.730435  0  
A-CFR_IN  -0.746667  -0.730435  0  0  -0.746667  0  0  8.88178e-16  -0.730435  -0.730435  0  
BPS-CFR  0  0.0162319  0.746667  0.746667  0  0.746667  0.746667  0.746667  0.0162319  0.0162319  0.746667  
TIPS-CFR  -0.746667  -0.730435  0  0  -0.746667  0  0  8.88178e-16  -0.730435  -0.730435  0  
CSPS-CFR  -0.746667  -0.730435  0  0  -0.746667  0  0  8.88178e-16  -0.730435  -0.730435  0  
CFPS-CFR  -0.746667  -0.730435  -1.11022e-15  -1.11022e-15  -0.746667  -1.11022e-15  -1.11022e-15  0  -0.730435  -0.730435  -1.11022e-15  
CFPS-CFR_EX+IN  -0.0162319  6.66134e-16  0.730435  0.730435  -0.0162319  0.730435  0.730435  0.730435  5.55112e-16  6.66134e-16  0.730435  
TIPS-CFR_EX+IN  -0.0162319  0  0.730435  0.730435  -0.0162319  0.730435  0.730435  0.730435  -4.44089e-16  0  0.730435  
BEHAV-CFR  -0.746667  -0.730435  0  0  -0.746667  0  0  8.88178e-16  -0.730435  -0.730435  0  
t = 2
CFR  0  -0.0119785  -0.257224  1.42159  0.0258926  -0.198831  -0.173734  -0.235586  0.0129732  0.039706  -0.158999  
CFR_EX+IN  0.0119785  2.22045e-16  -0.243549  1.4425  0.0391599  -0.181106  -0.156887  -0.221001  0.0260085  0.054616  -0.138829  
CFR_IN  0.257224  0.243549  -2.22045e-16  1.36927  0.284507  0.0614011  0.0858371  0.0267354  0.270519  0.289251  0.124365  
A-CFR_IN  -1.42159  -1.4425  -1.36927  0  -1.39501  -1.3155  -1.29106  -1.34648  -1.41386  -1.38801  -1.25254  
BPS-CFR  -0.0258926  -0.0391599  -0.284507  1.39501  0  -0.227398  -0.202302  -0.263632  -0.0142082  0.0125373  -0.187567  
TIPS-CFR  0.198831  0.181106  -0.0614011  1.3155  0.227398  -2.22045e-16  0.0244359  -0.0346925  0.209323  0.229343  0.0629634  
CSPS-CFR  0.173734  0.156887  -0.0858371  1.29106  0.202302  -0.0244359  -1.11022e-15  -0.0591284  0.185107  0.205136  0.0385274  
CFPS-CFR  0.235586  0.221001  -0.0267354  1.34648  0.263632  0.0346925  0.0591284  -4.44089e-16  0.248711  0.268209  0.0976558  
CFPS-CFR_EX+IN  -0.0129732  -0.0260085  -0.270519  1.41386  0.0142082  -0.209323  -0.185107  -0.248711  2.22045e-16  0.0286197  -0.167046  
TIPS-CFR_EX+IN  -0.039706  -0.054616  -0.289251  1.38801  -0.0125373  -0.229343  -0.205136  -0.268209  -0.0286197  -2.22045e-16  -0.187065  
BEHAV-CFR  0.158999  0.138829  -0.124365  1.25254  0.187567  -0.0629634  -0.0385274  -0.0976558  0.167046  0.187065  -2.22045e-16  
t = 3
CFR  1.11022e-16  -0.0515637  -0.060335  0.581755  -0.0590051  -0.035907  0.0142883  -0.0633996  -0.106922  -0.112083  -0.0411254  
CFR_EX+IN  0.0515637  0  -0.0515504  0.57257  -6.75883e-05  -0.0169918  0.0425744  -0.0510103  -0.0501601  -0.052722  -0.0080514  
CFR_IN  0.060335  0.0515504  2.22045e-16  0.415818  0.0353877  0.0804846  0.121708  0.0182866  0.0283575  0.0550954  -0.0959309  
A-CFR_IN  -0.581755  -0.57257  -0.415818  1.04083e-15  -0.556692  -0.343394  -0.298272  -0.390369  -0.555314  -0.500456  -0.356538  
BPS-CFR  0.0590051  6.75883e-05  -0.0353877  0.556692  0  -0.00904092  0.0362943  -0.0373078  -0.0555174  -0.0530623  -0.0146551  
TIPS-CFR  0.035907  0.0169918  -0.0804846  0.343394  0.00904092  2.22045e-16  0.0448235  -0.060984  -0.00792997  0.0179428  -0.171559  
CSPS-CFR  -0.0142883  -0.0425744  -0.121708  0.298272  -0.0362943  -0.0448235  2.22045e-16  -0.103258  -0.0632802  -0.00130912  -0.217229  
CFPS-CFR  0.0633996  0.0510103  -0.0182866  0.390369  0.0373078  0.060984  0.103258  0  0.0267481  0.057763  -0.110491  
CFPS-CFR_EX+IN  0.106922  0.0501601  -0.0283575  0.555314  0.0555174  0.00792997  0.0632802  -0.0267481  1.11022e-16  0.00395014  0.0171137  
TIPS-CFR_EX+IN  0.112083  0.052722  -0.0550954  0.500456  0.0530623  -0.0179428  0.00130912  -0.057763  -0.00395014  2.77556e-16  -0.00800281  
BEHAV-CFR  0.0411254  0.0080514  0.0959309  0.356538  0.0146551  0.171559  0.217229  0.110491  -0.0171137  0.00800281  -1.11022e-16  
t = 4
CFR  8.32667e-17  0.0204401  -0.0668236  0.30438  -0.0336975  -0.118611  0.120658  -0.0519243  0.00700547  -0.0186032  -0.105888  
CFR_EX+IN  -0.0204401  2.22045e-16  -0.0509022  0.290133  -0.0358787  -0.0719313  0.111651  -0.0438212  -0.00432395  -0.0169506  -0.0664268  
CFR_IN  0.0668236  0.0509022  2.77556e-16  0.23188  0.0564034  0.0240863  0.224367  -0.0129911  0.0441237  0.0897359  -0.165466  
A-CFR_IN  -0.30438  -0.290133  -0.23188  9.99201e-16  -0.356907  -0.307383  -0.244947  -0.292718  -0.352892  -0.342102  -0.397205  
BPS-CFR  0.0336975  0.0358787  -0.0564034  0.356907  2.77556e-17  -0.151464  0.143071  -0.0446568  0.0168591  0.0239066  -0.145478  
TIPS-CFR  0.118611  0.0719313  -0.0240863  0.307383  0.151464  2.498e-16  0.301401  -0.0350208  0.119566  0.124198  -0.16207  
CSPS-CFR  -0.120658  -0.111651  -0.224367  0.244947  -0.143071  -0.301401  2.5327e-16  -0.240866  -0.123408  -0.150949  -0.405112  
CFPS-CFR  0.0519243  0.0438212  0.0129911  0.292718  0.0446568  0.0350208  0.240866  -2.22045e-16  0.0413473  0.138196  -0.162558  
CFPS-CFR_EX+IN  -0.00700547  0.00432395  -0.0441237  0.352892  -0.0168591  -0.119566  0.123408  -0.0413473  8.32667e-17  0.0185636  -0.119716  
TIPS-CFR_EX+IN  0.0186032  0.0169506  -0.0897359  0.342102  -0.0239066  -0.124198  0.150949  -0.138196  -0.0185636  7.97973e-17  -0.103491  
BEHAV-CFR  0.105888  0.0664268  0.165466  0.397205  0.145478  0.16207  0.405112  0.162558  0.119716  0.103491  -1.11022e-16  
t = 5
CFR  0  -0.00472817  0.0604472  0.0552381  -0.0793509  -0.0644489  0.0109896  -0.031295  -0.115872  -0.0407117  -0.0696426  
CFR_EX+IN  0.00472817  1.66533e-16  0.0475058  0.0463213  -0.0748726  -0.0785698  0.0353405  -0.0563076  -0.105857  -0.037691  -0.079863  
CFR_IN  -0.0604472  -0.0475058  2.22045e-16  0.15138  -0.0583629  -0.0814603  -0.266676  -0.0572126  -0.0583927  -0.0344178  0.0371341  
A-CFR_IN  -0.0552381  -0.0463213  -0.15138  1.16573e-15  -0.053385  -0.116606  -0.202998  -0.103876  -0.0455356  -0.158299  -0.130156  
BPS-CFR  0.0793509  0.0748726  0.0583629  0.053385  1.11022e-16  0.0167291  -0.0013529  -0.0384646  -0.0327309  -0.0796831  0.0118122  
TIPS-CFR  0.0644489  0.0785698  0.0814603  0.116606  -0.0167291  -5.55112e-17  -0.0119038  0.0101304  -0.0382748  0.000140366  -0.103321  
CSPS-CFR  -0.0109896  -0.0353405  0.266676  0.202998  0.0013529  0.0119038  5.55112e-17  0.182513  -0.0245475  0.0268679  -0.155042  
CFPS-CFR  0.031295  0.0563076  0.0572126  0.103876  0.0384646  -0.0101304  -0.182513  2.498e-16  0.0581853  -0.0464081  0.0134721  
CFPS-CFR_EX+IN  0.115872  0.105857  0.0583927  0.0455356  0.0327309  0.0382748  0.0245475  -0.0581853  2.77556e-17  -0.0842532  0.037188  
TIPS-CFR_EX+IN  0.0407117  0.037691  0.0344178  0.158299  0.0796831  -0.000140366  -0.0268679  0.0464081  0.0842532  2.35922e-16  0.00445869  
BEHAV-CFR  0.0696426  0.079863  -0.0371341  0.130156  -0.0118122  0.103321  0.155042  -0.0134721  -0.037188  -0.00445869  -2.77556e-17  
t = 6
CFR  0  -0.0120625  0.0452025  0.0996961  0.0595418  0.0568702  0.0128505  0.11156  0.0392863  0.0696488  0.0423332  
CFR_EX+IN  0.0120625  1.11022e-16  0.0667414  0.103121  0.071082  0.0863798  0.0807915  0.128166  0.04922  0.0663136  0.0642259  
CFR_IN  -0.0452025  -0.0667414  2.22045e-16  0.189463  0.013116  -0.153402  0.105558  -0.0715225  0.00879746  0.0963558  -0.502581  
A-CFR_IN  -0.0996961  -0.103121  -0.189463  2.01228e-16  -0.153282  -0.388544  -0.329537  -0.343862  -0.16104  -0.261269  -0.291827  
BPS-CFR  -0.0595418  -0.071082  -0.013116  0.153282  0  0.0112217  -0.0157206  0.0975623  -0.0147271  -4.29507e-05  0.0397077  
TIPS-CFR  -0.0568702  -0.0863798  0.153402  0.388544  -0.0112217  1.11022e-16  -0.178233  0.0795506  -0.063573  0.0373104  -0.185472  
CSPS-CFR  -0.0128505  -0.0807915  -0.105558  0.329537  0.0157206  0.178233  2.22045e-16  -0.147156  0.0304489  0.530315  0.082756  
CFPS-CFR  -0.11156  -0.128166  0.0715225  0.343862  -0.0975623  -0.0795506  0.147156  -1.11022e-16  -0.135571  0.242042  -0.391264  
CFPS-CFR_EX+IN  -0.0392863  -0.04922  -0.00879746  0.16104  0.0147271  0.063573  -0.0304489  0.135571  1.11022e-16  0.0479358  0.0637732  
TIPS-CFR_EX+IN  -0.0696488  -0.0663136  -0.0963558  0.261269  4.29507e-05  -0.0373104  -0.530315  -0.242042  -0.0479358  3.88578e-16  -0.132039  
BEHAV-CFR  -0.0423332  -0.0642259  0.502581  0.291827  -0.0397077  0.185472  -0.082756  0.391264  -0.0637732  0.132039  5.55112e-17  
t = 7
CFR  0  0.00698653  -0.0823576  0.4153  -0.0989752  -0.0705477  -0.00991625  -0.303186  -0.0939666  -0.135231  -0.0169621  
CFR_EX+IN  -0.00698653  4.44089e-16  -0.0813064  0.441709  -0.103161  -0.106595  -0.0566194  -0.248011  -0.0924994  -0.0543447  -0.060636  
CFR_IN  0.0823576  0.0813064  4.44089e-16  0.34418  0.05629  0.149502  -0.145928  -0.0698958  0.0234797  0.0184036  0.227827  
A-CFR_IN  -0.4153  -0.441709  -0.34418  4.3715e-15  -0.293131  -0.237643  -0.206244  -0.283643  -0.302841  -0.181983  -0.222509  
BPS-CFR  0.0989752  0.103161  -0.05629  0.293131  0  -0.0815163  -0.0595294  -0.305932  -0.000146785  0.17924  -0.173119  
TIPS-CFR  0.0705477  0.106595  -0.149502  0.237643  0.0815163  3.88578e-16  0.0975451  -0.146234  0.241291  0.30786  0.263664  
CSPS-CFR  0.00991625  0.0566194  0.145928  0.206244  0.0595294  -0.0975451  0  0.197319  -0.0438761  -0.243296  0.0390609  
CFPS-CFR  0.303186  0.248011  0.0698958  0.283643  0.305932  0.146234  -0.197319  0  0.288317  -0.0505192  0.376575  
CFPS-CFR_EX+IN  0.0939666  0.0924994  -0.0234797  0.302841  0.000146785  -0.241291  0.0438761  -0.288317  1.66533e-16  0.0876832  -0.203635  
TIPS-CFR_EX+IN  0.135231  0.0543447  -0.0184036  0.181983  -0.17924  -0.30786  0.243296  0.0505192  -0.0876832  2.77556e-17  0.0239178  
BEHAV-CFR  0.0169621  0.060636  -0.227827  0.222509  0.173119  -0.263664  -0.0390609  -0.376575  0.203635  -0.0239178  0  
t = 8
CFR  -1.11022e-16  0.00477885  -0.258226  0.281304  -0.0368954  -0.177133  -0.208186  -0.181997  -0.0736817  -0.364849  -0.188774  
CFR_EX+IN  -0.00477885  5.55112e-17  -0.195847  0.286359  0.011146  -0.310893  -0.130021  -0.179122  -0.0764477  -0.191438  -0.29749  
CFR_IN  0.258226  0.195847  4.44089e-16  0.324126  -0.165983  0.230667  0.266181  -0.0124715  -0.180438  -0.14405  0.486054  
A-CFR_IN  -0.281304  -0.286359  -0.324126  1.33227e-15  -0.204534  -0.171296  -0.215479  -0.232342  -0.216822  -0.198329  -0.225297  
BPS-CFR  0.0368954  -0.011146  0.165983  0.204534  0  0.0591645  0.185495  0.0806569  -0.121191  -0.263324  -0.00908464  
TIPS-CFR  0.177133  0.310893  -0.230667  0.171296  -0.0591645  2.77556e-16  0.424245  -0.152877  0.0418882  -0.305572  0.0298221  
CSPS-CFR  0.208186  0.130021  -0.266181  0.215479  -0.185495  -0.424245  1.11022e-16  -0.308998  -0.10042  -0.562964  0.120206  
CFPS-CFR  0.181997  0.179122  0.0124715  0.232342  -0.0806569  0.152877  0.308998  2.35922e-16  -0.0896189  -0.274214  0.250547  
CFPS-CFR_EX+IN  0.0736817  0.0764477  0.180438  0.216822  0.121191  -0.0418882  0.10042  0.0896189  0  -0.108712  0.00613161  
TIPS-CFR_EX+IN  0.364849  0.191438  0.14405  0.198329  0.263324  0.306403  0.562964  0.274214  0.108712  6.10623e-16  0.0935397  
BEHAV-CFR  0.188774  0.29749  -0.486054  0.225297  0.00908464  -0.0298221  -0.120206  -0.250547  -0.00613161  -0.0935397  2.22045e-16  
t = 9
CFR  2.77556e-17  -0.0390137  -0.107241  0.135857  -0.152955  -0.0221041  -0.0854349  -0.18693  -0.351668  0.0110337  -0.0571509  
CFR_EX+IN  0.0390137  2.77556e-16  -0.0874418  0.14687  -0.16541  0.0530988  -0.16931  -0.127147  -0.182522  -0.186804  -0.0710379  
CFR_IN  0.107241  0.0874418  3.33067e-16  0.318763  -0.0184815  -0.164523  -0.0980494  0.0750689  -0.0564545  -0.0811707  -0.0693338  
A-CFR_IN  -0.135857  -0.14687  -0.318763  1.11022e-15  -0.268759  -0.114277  -0.190956  -0.30007  -0.276309  -0.125744  -0.199666  
BPS-CFR  0.152955  0.16541  0.0184815  0.268759  1.66533e-16  -0.0403382  -0.0182686  0.0888404  -0.0946764  0.0423912  0.032526  
TIPS-CFR  0.0221041  -0.0530988  0.164523  0.114277  0.0403382  4.16334e-16  0.294749  0.113232  -0.214816  -0.166031  -0.0392003  
CSPS-CFR  0.0854349  0.16931  0.0980494  0.190956  0.0182686  -0.294749  1.11022e-16  0.0842153  -0.119211  -0.364239  -0.319962  
CFPS-CFR  0.18693  0.127147  -0.0750689  0.30007  -0.0888404  -0.113232  -0.0842153  3.33067e-16  -0.102549  0.134267  0.184395  
CFPS-CFR_EX+IN  0.351668  0.182522  0.0564545  0.276309  0.0946764  0.214816  0.119211  0.102549  1.94289e-16  0.0329578  0.0839074  
TIPS-CFR_EX+IN  -0.0110337  0.186804  0.0811707  0.125744  -0.0423912  0.166031  0.364239  -0.134267  -0.0329578  4.996e-16  -0.130133  
BEHAV-CFR  0.0571509  0.0710379  0.073267  0.199666  -0.032526  0.0392003  0.3255  -0.184395  -0.0839074  0.130133  6.93889e-16  
t = 10
CFR  5.55112e-17  -0.00720799  -0.245165  -0.131046  -0.160496  -0.071902  -0.0334122  0.0354876  0.047903  0.00851774  -0.182639  
CFR_EX+IN  0.00720799  -8.32667e-17  -0.221304  -0.14884  -0.160408  0.0995363  -0.0213359  -0.0124299  -0.0758174  -0.124829  -0.15777  
CFR_IN  0.245165  0.221304  3.95517e-16  0.0550078  0.261585  -0.0923427  0.0158961  -0.106008  0.261135  0.0346976  -0.5239  
A-CFR_IN  0.131046  0.14884  -0.0550078  4.44089e-16  0.0158854  -0.0557162  -0.0761641  -0.150842  0.0205107  0.0346525  -0.0749876  
BPS-CFR  0.160496  0.160408  -0.261585  -0.0158854  -5.55112e-17  -0.130961  0.22878  -0.0846167  0.160382  0.0600731  -0.235969  
TIPS-CFR  0.071902  -0.0995363  0.0923427  0.0557162  0.130961  5.48173e-16  -0.0763968  0.178551  0.144367  -0.139051  -0.1126  
CSPS-CFR  0.0334122  0.0213359  -0.0158961  0.0761641  -0.22878  0.0763968  6.45317e-16  0.0141686  -0.232251  0.079047  -0.45274  
CFPS-CFR  -0.0354876  0.0124299  0.106008  0.150842  0.0846167  -0.178551  -0.0141686  2.77556e-16  0.0626653  0.0259076  -0.620054  
CFPS-CFR_EX+IN  -0.047903  0.0758174  -0.261135  -0.0205107  -0.160382  -0.144367  0.232251  -0.0626653  5.55112e-16  -0.0143419  -0.429791  
TIPS-CFR_EX+IN  -0.00851774  0.124829  -0.0346976  -0.0346525  -0.0600731  0.139051  -0.079047  -0.0259076  0.0143419  1.249e-16  -0.127988  
BEHAV-CFR  0.182639  0.15777  0.53129  0.0749876  0.235969  0.1126  0.458662  0.620054  0.429791  0.127988  2.22045e-16  
t = 11
CFR  -5.55112e-17  0.00902378  0.0767714  -0.199491  -0.248249  -0.209878  0.142307  0.0429177  0.0099378  -0.124663  0.333023  
CFR_EX+IN  -0.00902378  1.11022e-16  0.101104  -0.20532  -0.192597  -0.171027  0.133575  0.125616  -0.229334  -0.218519  0.129511  
CFR_IN  -0.0767714  -0.101104  4.09395e-16  -0.225881  -0.00844733  -0.201614  -0.318366  -0.027065  -0.01864  -0.0288347  -0.644179  
A-CFR_IN  0.199491  0.20532  0.225881  1.55431e-15  0.208471  0.0885239  0.0933097  0.178972  0.199208  0.146741  0.132786  
BPS-CFR  0.248249  0.192597  0.00844733  -0.208471  1.73472e-17  0.122756  -0.241912  -0.105947  0.0474689  -0.119045  0.0908501  
TIPS-CFR  0.209878  0.171027  0.201614  -0.0885239  -0.122756  1.94289e-15  -0.00192137  -0.0189181  -0.0656347  0.142381  -0.195212  
CSPS-CFR  -0.142307  -0.133575  0.318366  -0.0933097  0.241912  0.00192137  3.9968e-15  -0.206899  0.249132  0.143933  -0.195076  
CFPS-CFR  -0.0429177  -0.125616  0.027065  -0.178972  0.105947  0.0189181  0.206899  4.44089e-16  0.0241077  0.0430146  -0.535441  
CFPS-CFR_EX+IN  -0.0099378  0.229334  0.01864  -0.199208  -0.0474689  0.0656347  -0.249132  -0.0241077  1.94289e-16  -0.0966643  0.30412  
TIPS-CFR_EX+IN  0.124663  0.218519  0.0288347  -0.146741  0.119045  -0.142381  -0.143933  -0.0430146  0.0966643  1.66533e-16  0.313297  
BEHAV-CFR  -0.333023  -0.129511  0.647043  -0.132786  -0.0908501  0.195212  0.19827  0.535441  -0.30412  -0.313297  9.99201e-16  
t = 12
CFR  0  -0.0992066  0.200511  -0.220607  0.00348029  0.126364  -0.0434602  -0.123091  -0.249929  -0.338089  0.132535  
CFR_EX+IN  0.0992066  4.16334e-17  0.309648  -0.213372  0.168851  0.194365  -0.0501461  -0.136042  -0.0877716  -0.241312  0.36693  
CFR_IN  -0.200511  -0.309648  5.48173e-16  -0.0701657  0.101459  -0.0882271  -0.119363  -0.229754  -0.00530558  0.155979  -0.0847463  
A-CFR_IN  0.220607  0.213372  0.0701657  1.22125e-15  0.308597  -0.0746032  -0.0492638  0.0725882  0.285811  0.304294  0.00327998  
BPS-CFR  -0.00348029  -0.168851  -0.101459  -0.308597  0  -0.0263006  0.0875115  0.017366  -0.0216133  -0.0258173  0.447356  
TIPS-CFR  -0.126364  -0.192516  0.0882271  0.0746032  0.0263006  4.44089e-16  -0.0392043  -0.168301  -0.0332583  0.289001  -0.111453  
CSPS-CFR  0.0434602  0.0501461  0.119363  0.0492638  -0.0875115  0.0392043  1.66533e-16  -0.0662252  0.042378  0.052624  -0.0514459  
CFPS-CFR  0.123091  0.136042  0.229754  -0.0725882  -0.017366  0.168301  0.0662252  3.33067e-16  0.0107988  0.0724251  -0.075929  
CFPS-CFR_EX+IN  0.249929  0.0877716  0.00530558  -0.285811  0.0216133  0.0344063  -0.042378  -0.0107988  1.66533e-16  0.0814981  0.472789  
TIPS-CFR_EX+IN  0.338089  0.241312  -0.155979  -0.304294  0.0258173  -0.289001  -0.052624  -0.0724251  -0.0814981  0  -0.12385  
BEHAV-CFR  -0.132535  -0.36693  0.0847463  -0.00327998  -0.447356  0.111453  0.0520134  0.075929  -0.472789  0.12385  5.55112e-16  
t = 13
CFR  -2.77556e-17  -0.0119302  0.288859  0.228649  -0.022982  0.268812  0.224552  0.210094  -0.143034  0.218543  0.138061  
CFR_EX+IN  0.0119302  5.55112e-17  -0.1188  0.238359  -0.130057  0.078369  -0.0259046  -0.0921496  -0.0112165  0.209245  0.458604  
CFR_IN  -0.288859  0.1188  3.33067e-16  0.0272413  -0.197846  0.447017  -0.0806384  -0.353548  0.0589865  -0.0241682  0.444958  
A-CFR_IN  -0.228649  -0.238359  -0.0272413  5.55112e-16  -0.11548  -0.237945  -0.112821  -0.0011392  -0.14298  0.173981  0.129422  
BPS-CFR  0.022982  0.130057  0.197846  0.11548  2.77556e-17  -0.0137432  0.0805687  -0.111596  0.0908481  0.123159  0.22728  
TIPS-CFR  -0.268812  -0.0773881  -0.447017  0.237945  0.0137432  6.66134e-16  -0.087512  -0.252452  -0.0727943  0.125587  -0.255733  
CSPS-CFR  -0.224552  0.0259046  0.0806384  0.112821  -0.0805687  0.087512  1.66533e-16  -0.285817  -0.135545  0.167337  0.0921217  
CFPS-CFR  -0.210094  0.0921496  0.353548  0.0011392  0.111596  0.252452  0.285817  5.55112e-17  0.345449  0.317869  0.0864562  
CFPS-CFR_EX+IN  0.143034  0.0112165  -0.0589865  0.14298  -0.0908481  0.0727943  0.135545  -0.345449  0  -0.0453054  0.00356318  
TIPS-CFR_EX+IN  -0.218543  -0.209245  0.0241682  -0.173981  -0.123159  -0.125587  -0.167337  -0.317869  0.0453054  1.11022e-16  -0.105406  
BEHAV-CFR  -0.138061  -0.458604  -0.444746  -0.129422  -0.22728  0.255733  -0.0920988  -0.0864562  -0.00356318  0.101216  2.63678e-16  
t = 14
CFR  -2.77556e-17  0.355408  0.0368342  0.206455  -0.102762  -0.0698763  -0.035623  -0.286927  0.467122  0.159492  -0.305063  
CFR_EX+IN  -0.355408  2.77556e-16  0.12836  0.196808  0.104109  -0.0840031  0.144935  -0.0117318  0.374751  0.270043  -0.348499  
CFR_IN  -0.0368342  -0.12836  0  0.221377  0.086883  0.390226  0.499011  0.495779  0.0686431  -0.24269  0.245296  
A-CFR_IN  -0.206455  -0.196808  -0.221377  5.55112e-16  -0.222999  -0.487974  -0.268253  -0.448819  -0.207393  -0.185021  -0.348882  
BPS-CFR  0.102762  -0.104109  -0.086883  0.222999  0  0.0970963  0.178321  -0.159875  0.0507699  0.130694  0.231116  
TIPS-CFR  0.0698763  0.0840031  -0.390226  0.487974  -0.0970963  4.57967e-16  -0.304992  0.325069  -0.0292327  0.13716  0.158224  
CSPS-CFR  0.035623  -0.144935  -0.499011  0.268253  -0.178321  0.304992  8.32667e-17  0.210691  -0.167746  0.0551055  -0.0198656  
CFPS-CFR  0.286927  0.0117318  -0.495779  0.448819  0.159875  -0.325069  -0.210691  5.55112e-17  -0.0498647  0.0362883  0.0425426  
CFPS-CFR_EX+IN  -0.467122  -0.374751  -0.0686431  0.207393  -0.0507699  0.0292327  0.167746  0.0498647  2.498e-16  0.0493499  -0.234585  
TIPS-CFR_EX+IN  -0.159492  -0.270043  0.24269  0.185021  -0.130694  -0.13716  -0.0551055  -0.0362883  -0.0493499  2.67147e-16  0.186551  
BEHAV-CFR  0.305063  0.348499  -0.243879  0.348882  -0.231116  -0.158224  0.0211968  -0.0425426  0.234585  -0.186551  1.66533e-15  
t = 15
CFR  -2.77556e-17  -0.0568937  0.257496  0.213211  0.150466  -0.106997  -0.342815  0.00958142  -0.0793823  -0.0646631  -0.288344  
CFR_EX+IN  0.0568937  2.498e-16  0.200708  0.160957  -0.262327  -0.441463  -0.214055  0.0268672  -0.228861  0.00635653  -0.624577  
CFR_IN  -0.257496  -0.200708  5.55112e-17  0.277189  -0.316615  -0.0179925  0.185403  0.195733  -0.559982  -0.195908  0.0610993  
A-CFR_IN  -0.213211  -0.160957  -0.277189  1.11022e-16  -0.232182  -0.402535  -0.508161  -0.370403  -0.186008  -0.3946  -0.46504  
BPS-CFR  -0.150466  0.262327  0.316615  0.232182  -2.77556e-17  -0.195151  0.0669091  0.276779  -0.0517277  -0.0598613  -0.337553  
TIPS-CFR  0.106997  0.441463  0.0179925  0.402535  0.195151  7.77156e-16  -0.192959  0.059908  0.187058  0.0146869  0.153925  
CSPS-CFR  0.342815  0.214055  -0.185403  0.508161  -0.0669091  0.192959  2.22045e-16  -0.130346  -0.0247893  0.156839  0.00840232  
CFPS-CFR  -0.00958142  -0.0268672  -0.195733  0.370403  -0.276779  -0.059908  0.130346  -2.75821e-16  -0.123795  -0.0804236  0.0863459  
CFPS-CFR_EX+IN  0.0793823  0.228861  0.559982  0.186008  0.0517277  -0.187058  0.0247893  0.123795  2.22045e-16  -0.00826277  -0.144565  
TIPS-CFR_EX+IN  0.0646631  -0.00635653  0.195908  0.3946  0.0598613  -0.0146869  -0.156839  0.0804236  0.00826277  8.32667e-17  0.079294  
BEHAV-CFR  0.288344  0.624577  -0.0610993  0.46504  0.337553  -0.153925  -0.00509221  -0.0863459  0.144565  -0.079294  8.75385e-16  
t = 16
CFR  8.32667e-17  -0.0178624  -0.0717409  0.31964  0.189871  -0.292487  -0.285236  0.0873999  -0.30419  -0.0979575  -0.169553  
CFR_EX+IN  0.0178624  0  -0.026443  0.428649  0.198993  -0.489898  -0.220109  0.117191  -0.0663183  -0.0211381  -0.227279  
CFR_IN  0.0717409  0.026443  1.11022e-16  0.435063  -0.427853  -0.140886  -0.0376223  -0.00818969  -0.274225  0.0696765  -0.136888  
A-CFR_IN  -0.31964  -0.428649  -0.435063  9.99201e-16  -0.338991  -0.103775  -0.475518  -0.286178  -0.334233  -0.401649  -0.371148  
BPS-CFR  -0.189871  -0.198993  0.427853  0.338991  0  -0.209363  0.0589021  -0.0323269  -0.0670101  -0.00446599  -0.472622  
TIPS-CFR  0.292487  0.489898  0.140886  0.103775  0.209363  5.27356e-16  -0.0643018  0.161479  0.333163  -0.339905  0.178173  
CSPS-CFR  0.285236  0.220109  0.0376223  0.475518  -0.0589021  0.0643018  1.11022e-16  -0.00184513  -0.247708  0.176826  0.293039  
CFPS-CFR  -0.0873999  -0.117191  0.00818969  0.286178  0.0323269  -0.161479  0.00184513  1.49186e-16  -0.302328  -0.325266  0.134349  
CFPS-CFR_EX+IN  0.30419  0.0663183  0.274225  0.334233  0.0670101  -0.333163  0.247708  0.302328  0  0.137717  -0.374081  
TIPS-CFR_EX+IN  0.0979575  0.0211381  -0.0696765  0.401649  0.00446599  0.339905  -0.176826  0.325266  -0.137717  0  0.0691507  
BEHAV-CFR  0.169553  0.227279  0.136888  0.371148  0.472622  -0.178173  -0.293039  -0.134349  0.374081  -0.0691507  2.51188e-15  
t = 17
CFR  1.11022e-16  -0.066056  -0.253504  0.482667  -0.145421  -0.418354  -0.430343  0.145348  -0.0911037  -0.0100922  -0.228746  
CFR_EX+IN  0.066056  -5.55112e-17  -0.254131  0.372635  -0.0477222  -0.191216  -0.34151  0.00839273  0.0166834  0.0690026  -0.0737468  
CFR_IN  0.253504  0.254131  -5.55112e-17  0.358946  -0.0618862  -0.197032  -0.253727  0.0118076  -0.12224  -0.192119  -0.085186  
A-CFR_IN  -0.482667  -0.372635  -0.358946  1.4988e-15  -0.2406  -0.159751  -0.177646  -0.235717  -0.219682  -0.365424  -0.304048  
BPS-CFR  0.145421  0.0477222  0.0618862  0.2406  0  -0.0369325  -0.102298  0.0633021  -0.162239  0.132829  -0.049638  
TIPS-CFR  0.418354  0.191216  0.197032  0.159751  0.0369325  5.86337e-16  0.0491138  0.0626012  -0.0458823  -0.171747  0.00584503  
CSPS-CFR  0.430343  0.34151  0.253727  0.177646  0.102298  -0.0491138  4.16334e-16  0.206611  0.356097  0.00381255  -0.0456111  
CFPS-CFR  -0.145348  -0.00839273  -0.0118076  0.235717  -0.0633021  -0.0626012  -0.206611  2.498e-16  -0.0743377  -0.0264457  -0.0586408  
CFPS-CFR_EX+IN  0.0911037  -0.0166834  0.12224  0.219682  0.162239  0.0458823  -0.356097  0.0743377  1.11022e-16  0.132453  -0.0274217  
TIPS-CFR_EX+IN  0.0100922  -0.0690026  0.192119  0.365424  -0.132829  0.171747  -0.00381255  0.0264457  -0.132453  1.11022e-16  0.134661  
BEHAV-CFR  0.228746  0.0737468  0.085186  0.304048  0.049638  -0.00584503  0.0456111  0.0586408  0.0274217  -0.134661  1.80411e-15  
t = 18
CFR  -1.11022e-16  -0.0939991  -0.256346  0.113886  -0.129227  -0.348113  -0.22469  -0.0231322  -0.0435678  -0.0836856  -0.0492317  
CFR_EX+IN  0.0939991  1.80411e-16  -0.274612  0.141587  -0.116703  -0.142769  -0.225885  -0.144797  0.046396  -0.10433  0.0634291  
CFR_IN  0.256346  0.274612  1.66533e-16  0.334741  0.0303552  -0.0233249  -0.0150712  -0.0450039  0.0265714  -0.10618  -0.241255  
A-CFR_IN  -0.113886  -0.141587  -0.334741  7.77156e-16  -0.236853  -0.139949  -0.127579  -0.378463  -0.24037  -0.0263812  -0.146403  
BPS-CFR  0.129227  0.116703  -0.0303552  0.236853  -5.55112e-17  -0.0981962  -0.491725  0.423333  0.0688403  -0.151078  0.183487  
TIPS-CFR  0.348113  0.142769  0.0233249  0.139949  0.0981962  4.89192e-16  0.326065  -0.0831438  0.00494238  0.172983  -0.0908408  
CSPS-CFR  0.22469  0.225885  0.0150712  0.127579  0.491725  -0.326065  3.88578e-16  0.300048  0.134241  -0.142387  -0.204124  
CFPS-CFR  0.0231322  0.144797  0.0450039  0.378463  -0.423333  0.0831438  -0.300048  3.33067e-16  -0.00937843  -0.0446174  -0.151355  
CFPS-CFR_EX+IN  0.0435678  -0.046396  -0.0265714  0.24037  -0.0688403  -0.00494238  -0.134241  0.00937843  5.55112e-17  -0.147083  -0.117929  
TIPS-CFR_EX+IN  0.0836856  0.10433  0.10618  0.0263812  0.151078  -0.172983  0.142387  0.0446174  0.147083  2.15106e-16  -0.0824829  
BEHAV-CFR  0.0492317  -0.0634291  0.241255  0.146403  -0.183487  0.0908408  0.204124  0.151355  0.117929  0.0824829  4.996e-16  
t = 19
CFR  0  -0.0162122  -0.0635901  -0.0274484  -0.135693  -0.326143  -0.245975  0.0663956  0.0618328  -0.186878  0.111602  
CFR_EX+IN  0.0162122  2.22045e-16  0.153856  -0.121974  -0.145693  0.0683439  -0.0387492  0.0295882  -0.0541636  -0.188018  0.3436  
CFR_IN  0.0635901  -0.153856  3.05311e-16  0.311647  0.0353076  -0.0326942  -0.0506198  -0.241129  0.148122  -0.0160219  -0.262443  
A-CFR_IN  0.0274484  0.121974  -0.311647  0  -0.236437  -0.0929415  -0.0716372  -0.375109  -0.262439  -0.0576503  -0.219304  
BPS-CFR  0.135693  0.145693  -0.0353076  0.236437  0  -0.0630714  -0.0155954  0.2344  0.265492  -0.13232  -0.0137805  
TIPS-CFR  0.326143  -0.0683439  0.0326942  0.0929415  0.0630714  -1.04083e-17  -0.0313132  0.241455  -0.124583  0.131609  -0.137482  
CSPS-CFR  0.245975  0.0387492  0.0506198  0.0716372  0.0155954  0.0313132  1.11022e-16  0.018968  0.196978  -0.130699  -0.082526  
CFPS-CFR  -0.0663956  -0.0295882  0.241129  0.375109  -0.2344  -0.241455  -0.018968  2.77556e-16  -0.192744  0.0282088  -0.187477  
CFPS-CFR_EX+IN  -0.0618328  0.0541636  -0.148122  0.262439  -0.265492  0.124583  -0.196978  0.192744  1.80411e-16  -0.106229  0.0738463  
TIPS-CFR_EX+IN  0.186878  0.188018  0.0160219  0.0576503  0.13232  -0.131609  0.130699  -0.0282088  0.106229  2.77556e-16  0.0413573  
BEHAV-CFR  -0.111602  -0.3436  0.262443  0.219304  0.0137805  0.137482  0.082526  0.187477  -0.0738463  -0.0413573  7.21645e-16  
t = 20
CFR  5.55112e-17  -0.0631881  0.140032  -0.0751161  -0.138779  0.133921  0.111668  0.375696  0.169009  -0.143204  0.0981215  
CFR_EX+IN  0.0631881  5.55112e-17  0.675671  -0.0244  -0.0794388  -0.28969  0.116014  0.339007  0.0588582  -0.154505  -0.122049  
CFR_IN  -0.140032  -0.675671  1.94289e-16  0.231253  -0.295656  -0.140725  -0.111515  -0.0197405  -0.0465072  0.127867  -0.225515  
A-CFR_IN  0.0751161  0.0244  -0.231253  1.22818e-15  -0.219006  -0.492969  -0.144348  -0.34435  -0.373991  -0.0356946  -0.388533  
BPS-CFR  0.138779  0.0794388  0.295656  0.219006  -2.77556e-17  0.081111  0.101167  -0.11989  -0.0686745  -0.0312763  0.0291309  
TIPS-CFR  -0.133921  0.28969  0.140725  0.492969  -0.081111  1.38778e-16  -0.136001  0.0891357  -0.0995749  -0.10986  -0.199912  
CSPS-CFR  -0.111668  -0.116014  0.111515  0.144348  -0.101167  0.136001  2.498e-16  -0.0212922  0.221547  0.0854465  -0.204627  
CFPS-CFR  -0.375696  -0.339007  0.0197405  0.34435  0.11989  -0.0891357  0.0212922  3.33067e-16  -0.121488  -0.310574  -0.0940311  
CFPS-CFR_EX+IN  -0.169009  -0.0588582  0.0465072  0.373991  0.0686745  0.0995749  -0.221547  0.121488  2.498e-16  -0.0430184  0.0402699  
TIPS-CFR_EX+IN  0.143204  0.154505  -0.127867  0.0356946  0.0312763  0.10986  -0.0854465  0.310574  0.0430184  1.11022e-16  0.0290452  
BEHAV-CFR  -0.0981215  0.122049  0.225515  0.388533  -0.0291309  0.199912  0.204627  0.0940311  -0.0402699  -0.0290452  1.66533e-16  
t = 21
CFR  0  -0.129837  0.378711  0.13764  -0.0721438  0.0691651  0.089139  0.0394474  0.0275784  -0.0609855  0.0551994  
CFR_EX+IN  0.129837  1.11022e-16  0.0640476  0.25617  0.0078389  -0.0508377  0.0185066  0.184535  0.145288  -0.0015065  -0.0674414  
CFR_IN  -0.378711  -0.0640476  3.46945e-16  0.229799  -0.0412528  -0.157053  -0.248806  0.102404  -0.151154  0.172077  -0.0510305  
A-CFR_IN  -0.13764  -0.25617  -0.229799  6.93889e-16  -0.355828  -0.512793  -0.305479  -0.326363  -0.410048  -0.284946  -0.337252  
BPS-CFR  0.0721438  -0.0078389  0.0412528  0.355828  -5.55112e-17  -0.00804343  -0.0210503  0.00134115  -0.183992  -0.0188211  0.0234633  
TIPS-CFR  -0.0691651  0.0508377  0.157053  0.512793  0.00804343  3.57353e-16  0.0950812  -0.0255973  0.348297  -0.164222  -0.256624  
CSPS-CFR  -0.089139  -0.0185066  0.248806  0.305479  0.0210503  -0.0950812  2.77556e-17  -0.00916801  -0.12363  -0.0621869  0.0529315  
CFPS-CFR  -0.0394474  -0.184535  -0.102404  0.326363  -0.00134115  0.0255973  0.00916801  3.05311e-16  0.290018  -0.198397  -0.162904  
CFPS-CFR_EX+IN  -0.0275784  -0.145288  0.151154  0.410048  0.183992  -0.348297  0.12363  -0.290018  1.11022e-16  -0.0910956  -0.242739  
TIPS-CFR_EX+IN  0.0609855  0.0015065  -0.172077  0.284946  0.0188211  0.164222  0.0621869  0.198397  0.0910956  5.55112e-17  0.0193996  
BEHAV-CFR  -0.0551994  0.0674414  0.0510305  0.337252  -0.0234633  0.256624  -0.0529315  0.162904  0.242739  -0.0193996  2.77556e-16  
t = 22
CFR  -8.32667e-17  -0.0213665  -0.0683882  0.217912  0.04971  0.119255  0.0468828  -0.102436  -0.127571  0.0796575  0.0253238  
CFR_EX+IN  0.0213665  2.35922e-16  -0.0937394  0.458258  0.101414  -0.0546594  0.0298668  0.00442519  -0.0240373  0.0210871  -0.0742738  
CFR_IN  0.0683882  0.0937394  2.98589e-16  0.303968  0.138918  -0.178548  -0.0634561  0.0351915  -0.0840497  0.115686  -0.0600507  
A-CFR_IN  -0.217912  -0.458258  -0.303968  1.94289e-16  -0.0325113  -0.179638  -0.308696  -0.291303  -0.374155  -0.43604  -0.448221  
BPS-CFR  -0.04971  -0.101414  -0.138918  0.0325113  0  -0.0900869  -0.00155941  -0.296691  -0.154408  -0.107105  -0.0591231  
TIPS-CFR  -0.119255  0.0546594  0.178548  0.179638  0.0900869  3.88578e-16  -0.0258702  -0.211872  0.140202  0.0944227  -0.112443  
CSPS-CFR  -0.0468828  -0.0298668  0.0634561  0.308696  0.00155941  0.0258702  2.77556e-16  -0.077747  -0.188259  -0.0498814  0.208247  
CFPS-CFR  0.102436  -0.00442519  -0.0351915  0.291303  0.296691  0.211872  0.077747  4.44089e-16  0.255198  0.162612  -0.212677  
CFPS-CFR_EX+IN  0.127571  0.0240373  0.0840497  0.374155  0.154408  -0.140202  0.188259  -0.255198  1.11022e-16  0.0638151  -0.132607  
TIPS-CFR_EX+IN  -0.0796575  -0.0210871  -0.115686  0.43604  0.107105  -0.0944227  0.0498814  -0.162612  -0.0638151  1.11022e-16  0.0223235  
BEHAV-CFR  -0.0253238  0.0742738  0.0600507  0.448221  0.0591231  0.112443  -0.208247  0.212677  0.132607  -0.0223235  1.07553e-16  
t = 23
CFR  2.77556e-17  -0.0908034  -0.0284665  0.393137  0.107016  -0.301645  0.0361565  -0.188236  -0.240965  0.0224418  -0.178575  
CFR_EX+IN  0.0908034  9.71445e-17  -0.0167689  0.439546  0.0911962  0.200943  0.0479292  -0.0705354  -0.0841129  -0.0284467  -0.07331  
CFR_IN  0.0284665  0.0167689  1.17961e-16  0.275949  0.142282  -0.176832  0.0705792  0.0452192  0.0245458  0.0538888  0.00293475  
A-CFR_IN  -0.393137  -0.439546  -0.275949  6.93889e-18  -0.44148  -0.347245  -0.366558  -0.243768  -0.324408  -0.467977  -0.309032  
BPS-CFR  -0.107016  -0.0911962  -0.142282  0.44148  -2.77556e-17  -0.109098  0.0767321  -0.335253  0.0511254  -0.0457545  -0.172335  
TIPS-CFR  0.301645  -0.200943  0.176832  0.347245  0.109098  4.44089e-16  0.0412277  -0.118645  -0.0766043  0.231222  0.083945  
CSPS-CFR  -0.0361565  -0.0479292  -0.0705792  0.366558  -0.0767321  -0.0412277  3.05311e-16  -0.0478572  -0.122198  -0.102859  0.163743  
CFPS-CFR  0.188236  0.0705354  -0.0452192  0.243768  0.335253  0.118645  0.0478572  3.33067e-16  0.267693  0.339784  -0.119458  
CFPS-CFR_EX+IN  0.240965  0.0841129  -0.0245458  0.324408  -0.0511254  0.0766043  0.122198  -0.267693  2.08167e-17  0.112294  -0.206065  
TIPS-CFR_EX+IN  -0.0224418  0.0284467  -0.0538888  0.467977  0.0457545  -0.231222  0.102859  -0.339784  -0.112918  1.11022e-16  -0.0683681  
BEHAV-CFR  0.178575  0.07331  -0.00293475  0.309032  0.172335  -0.083945  -0.163743  0.119458  0.206065  0.0683681  2.08167e-16  
t = 24
CFR  0  -0.0916384  0.0281807  0.456232  0.0660365  -0.142059  0.0316081  -0.265876  -0.265049  0.0507813  -0.238131  
CFR_EX+IN  0.0916384  8.32667e-17  -0.0369025  0.464109  0.108543  0.183416  0.0528078  -0.177809  -0.0745952  -0.0618597  -0.167582  
CFR_IN  -0.0281807  0.0369025  1.8735e-16  0.192109  -0.00695279  0.222619  -0.146359  0.0417384  -0.0293257  -0.112989  -0.197998  
A-CFR_IN  -0.456232  -0.464109  -0.192109  4.16334e-17  -0.675616  -0.273911  -0.132307  -0.272196  -0.307577  -0.395877  0.105071  
BPS-CFR  -0.0660365  -0.108543  0.00695279  0.675616  0  -0.00569756  -0.0269285  -0.240928  0.0325877  0.0602176  -0.108618  
TIPS-CFR  0.142059  -0.183416  -0.222619  0.273911  0.00569756  4.996e-16  0.045646  -0.201039  0.065457  0.106354  -0.0294463  
CSPS-CFR  -0.0316081  -0.0528078  0.146359  0.132307  0.0269285  -0.045646  2.51535e-16  -0.0532315  -0.117303  0.0934048  0.154474  
CFPS-CFR  0.265876  0.177809  -0.0417384  0.272196  0.240928  0.201039  0.0532315  2.22045e-16  0.0749489  0.171484  -0.0298744  
CFPS-CFR_EX+IN  0.265049  0.0745952  0.0293257  0.307577  -0.0325877  -0.065457  0.117303  -0.0749489  2.77556e-17  -0.0976746  0.0171047  
TIPS-CFR_EX+IN  -0.0507813  0.0618597  0.112989  0.395877  -0.0602176  -0.106354  -0.0934048  -0.171484  0.0976746  -1.38778e-17  -0.154762  
BEHAV-CFR  0.238131  0.167582  0.197998  -0.105071  0.108618  0.0294463  -0.154474  0.0298744  -0.0171047  0.154762  6.93889e-17  
t = 25
CFR  0  -0.104775  -0.00870846  0.42342  0.0114906  0.103255  0.0457859  -0.236029  -0.122044  -0.127765  -0.25329  
CFR_EX+IN  0.104775  1.11022e-16  0.0218547  0.455887  0.14661  -0.0438477  -0.00247325  -0.261703  -0.0198702  0.0164082  -0.215203  
CFR_IN  0.00870846  -0.0218547  1.249e-16  0.184012  -0.119835  0.0922175  -0.219917  0.0419742  -0.133543  -0.348098  -0.223878  
A-CFR_IN  -0.42342  -0.455887  -0.184012  0  -0.783932  -0.306807  -0.168673  -0.416687  -0.417933  -0.295574  -0.183607  
BPS-CFR  -0.0114906  -0.14661  0.119835  0.783932  4.85723e-17  0.114405  0.0144939  -0.116733  0.0255964  0.170922  -0.0458895  
TIPS-CFR  -0.103255  0.0438477  -0.0922175  0.306807  -0.114405  1.94289e-16  -0.205844  -0.227279  0.0118258  0.0349116  -0.0500993  
CSPS-CFR  -0.0457859  0.00247325  0.219917  0.168673  -0.0144939  0.205844  8.32667e-17  0.11456  -0.152074  0.0213842  -0.077037  
CFPS-CFR  0.236029  0.261703  -0.0419742  0.416687  0.116733  0.227279  -0.11456  4.71845e-16  0.121024  0.108593  0.133992  
CFPS-CFR_EX+IN  0.122044  0.0198702  0.133543  0.417933  -0.0255964  -0.0118258  0.152074  -0.121024  8.32667e-17  -0.00394437  -0.00240359  
TIPS-CFR_EX+IN  0.127765  -0.0164082  0.348098  0.295574  -0.170922  -0.0349116  -0.0213842  -0.108593  0.00394437  1.11022e-16  -0.0624652  
BEHAV-CFR  0.25329  0.215203  0.223878  0.183607  0.0458895  0.0500993  0.077037  -0.133992  0.00240359  0.0624652  1.56125e-16  
t = 26
CFR  2.77556e-17  0.0812308  0.0844684  0.472089  -0.135093  0.224572  0.162057  -0.133752  -0.0280969  -0.206603  -0.0651164  
CFR_EX+IN  -0.0812308  -5.55112e-17  -0.0165582  0.393616  -0.0362081  -0.200108  0.0601077  -0.109312  -0.170601  0.174986  -0.0592638  
CFR_IN  -0.0844684  0.0165582  2.08167e-16  0.319424  -0.185442  -0.121792  -0.12822  0.0615868  -0.0814019  -0.353058  -0.0433618  
A-CFR_IN  -0.472089  -0.393616  -0.319424  7.63278e-16  -0.363568  -0.251594  -0.338162  -0.323867  -0.488397  -0.238002  -0.205624  
BPS-CFR  0.135093  0.0362081  0.185442  0.363568  0  0.237465  0.0683351  0.00734009  0.043284  0.10049  -0.0179094  
TIPS-CFR  -0.224572  0.200108  0.121792  0.251594  -0.237465  7.21645e-16  -0.0533722  0.262032  0.0290678  0.0505372  -0.0653028  
CSPS-CFR  -0.162057  -0.0601077  0.12822  0.338162  -0.0683351  0.0533722  1.66533e-16  0.142622  -0.171065  -0.0128802  0.089975  
CFPS-CFR  0.133752  0.109312  -0.0615868  0.323867  -0.00734009  -0.262032  -0.142622  3.26128e-16  0.0805432  0.0399649  0.0965384  
CFPS-CFR_EX+IN  0.0280969  0.170601  0.0814019  0.488397  -0.043284  -0.0290678  0.171065  -0.0805432  3.33067e-16  0.161553  -0.075726  
TIPS-CFR_EX+IN  0.206603  -0.174986  0.353058  0.238002  -0.10114  -0.0505372  0.0128802  -0.0399649  -0.161553  5.55112e-17  -0.0477893  
BEHAV-CFR  0.0651164  0.0592638  0.0433618  0.205624  0.0179094  0.0653028  -0.089975  -0.0965384  0.075726  0.0477893  2.77556e-16  
t = 27
CFR  -4.16334e-17  0.168049  0.100144  0.362919  -0.09171  0.209177  0.224856  0.0288187  0.127018  -0.0894783  0.0322982  
CFR_EX+IN  -0.168049  -5.55112e-17  -0.0278165  0.380747  -0.0271439  -0.132693  0.107037  0.0689383  0.017702  -0.0606366  -0.0377445  
CFR_IN  -0.100144  0.0278165  1.94289e-16  0.261678  -0.180134  -0.279001  -0.0912057  0.0423274  0.161447  -0.203887  -0.0267405  
