learner/env  CFR  CFR_IN  A-CFR_IN  BPS-CFR  TIPS-CFR  CSPS-CFR  CFPS-CFR  
t = 0
CFR  -6.93889e-18  -6.93889e-18  -6.93889e-18  -6.93889e-18  -6.93889e-18  -6.93889e-18  -6.93889e-18  
CFR_IN  -6.93889e-18  -6.93889e-18  -6.93889e-18  -6.93889e-18  -6.93889e-18  -6.93889e-18  -6.93889e-18  
A-CFR_IN  -6.93889e-18  -6.93889e-18  -6.93889e-18  -6.93889e-18  -6.93889e-18  -6.93889e-18  -6.93889e-18  
BPS-CFR  -6.93889e-18  -6.93889e-18  -6.93889e-18  -6.93889e-18  -6.93889e-18  -6.93889e-18  -6.93889e-18  
TIPS-CFR  -6.93889e-18  -6.93889e-18  -6.93889e-18  -6.93889e-18  -6.93889e-18  -6.93889e-18  -6.93889e-18  
CSPS-CFR  -6.93889e-18  -6.93889e-18  -6.93889e-18  -6.93889e-18  -6.93889e-18  -6.93889e-18  -6.93889e-18  
CFPS-CFR  -6.93889e-18  -6.93889e-18  -6.93889e-18  -6.93889e-18  -6.93889e-18  -6.93889e-18  -6.93889e-18  
t = 1
CFR  -1.38778e-17  -0.370286  -0.370286  -6.93889e-18  -0.370286  -0.127994  -0.370286  
CFR_IN  0.370286  1.39728e-15  1.57704e-15  0.370286  1.71582e-15  0.16427  1.93787e-15  
A-CFR_IN  0.370286  1.1308e-15  1.31056e-15  0.370286  1.44933e-15  0.16427  1.67138e-15  
BPS-CFR  -6.93889e-18  -0.370286  -0.370286  6.16298e-33  -0.370286  -0.127994  -0.370286  
TIPS-CFR  0.370286  1.4928e-15  1.67256e-15  0.370286  1.81134e-15  0.16427  2.03338e-15  
CSPS-CFR  0.127994  -0.16427  -0.16427  0.127994  -0.16427  8.5575e-16  -0.16427  
CFPS-CFR  0.370286  1.07376e-15  1.25352e-15  0.370286  1.3923e-15  0.16427  1.61434e-15  
t = 2
CFR  0  -2.8176e-17  7.75442e-16  0  7.51696e-18  -8.35531e-17  -2.63539e-16  
CFR_IN  1.87684e-16  -3.28136e-16  9.56253e-16  1.87684e-16  -6.10256e-16  -2.67514e-16  -3.09487e-16  
A-CFR_IN  3.05591e-16  -1.04889e-16  1.1851e-15  3.05591e-16  -1.59363e-16  -4.68165e-17  1.41406e-16  
BPS-CFR  0  -2.8176e-17  7.75442e-16  0  7.51696e-18  -8.35531e-17  -2.63539e-16  
TIPS-CFR  -7.16377e-17  3.65226e-16  1.42757e-15  -7.16377e-17  8.31057e-17  4.7392e-16  3.83875e-16  
CSPS-CFR  4.39794e-16  3.09038e-16  1.34294e-15  5.09354e-16  -5.25689e-17  4.41373e-16  4.42253e-16  
CFPS-CFR  2.33821e-16  -5.5445e-16  5.07894e-16  2.33821e-16  -8.3657e-16  -5.71804e-16  -5.35801e-16  
t = 3
CFR  0  0.400414  0.818415  -0.00441438  0.129012  -0.266474  0.395235  
CFR_IN  -0.400414  5.28278e-16  2.46031e-15  -0.417972  3.41316e-16  -0.50408  9.35396e-16  
A-CFR_IN  -0.818415  -9.45017e-16  9.04178e-16  -0.832806  -1.2826e-15  -0.953323  -7.91431e-16  
BPS-CFR  0.00441438  0.417972  0.832806  2.77556e-17  0.140649  -0.263093  0.412826  
TIPS-CFR  -0.129012  6.78594e-16  2.67841e-15  -0.140649  4.91632e-16  -0.450005  9.44982e-16  
CSPS-CFR  0.266474  0.50408  0.953323  0.263093  0.450005  -1.89113e-16  0.496548  
CFPS-CFR  -0.395235  2.69153e-16  2.30227e-15  -0.412826  1.48762e-16  -0.496548  6.06666e-16  
t = 4
CFR  1.38778e-17  -0.197183  -0.724973  -0.037499  -0.485538  -0.678593  -0.198182  
CFR_IN  0.197183  5.16948e-16  0.999638  0.196501  -0.000119388  0.0942132  0.000108064  
A-CFR_IN  0.724973  -0.999638  6.89768e-16  0.695709  -0.996218  0.897463  -0.996269  
BPS-CFR  0.037499  -0.196501  -0.695709  0  -0.475212  -0.678684  -0.197487  
TIPS-CFR  0.485538  0.000119388  0.996218  0.475212  1.33827e-15  0.000169459  0.000226689  
CSPS-CFR  0.678593  -0.0942132  -0.897463  0.678684  -0.000169459  -3.97514e-17  -0.0932712  
CFPS-CFR  0.198182  -0.000108064  0.996269  0.197487  -0.000226689  0.0932712  4.38885e-16  
t = 5
CFR  1.05168e-17  -0.614891  0.126837  -0.018418  -0.0721006  0.198831  -0.606242  
CFR_IN  0.614891  -2.84991e-16  -0.877898  0.60209  -8.44485e-16  0.203463  -6.19165e-16  
A-CFR_IN  -0.126837  0.877898  7.30238e-16  -0.158945  0.87906  -0.930397  0.875018  
BPS-CFR  0.018418  -0.60209  0.158945  0  -0.182162  0.177622  -0.593984  
TIPS-CFR  0.0721006  2.99811e-16  -0.87906  0.182162  4.41531e-17  0.177142  -5.92709e-16  
CSPS-CFR  -0.198831  -0.203463  0.930397  -0.177622  -0.177142  2.77556e-17  -0.344789  
CFPS-CFR  0.606242  3.35388e-16  -0.875018  0.593984  7.57134e-17  0.344789  4.26234e-16  
t = 6
CFR  4.16334e-17  0.542589  -0.206338  -0.0404855  -0.155359  -0.089698  0.150313  
CFR_IN  -0.542589  3.84241e-16  0.498845  -0.562309  0.00194299  0.550411  -0.00236614  
A-CFR_IN  0.206338  -0.498845  1.28262e-15  0.253347  -0.5036  0.187349  -0.49114  
BPS-CFR  0.0404855  0.562309  -0.253347  -2.77556e-17  0.224172  0.215088  0.166005  
TIPS-CFR  0.155359  -0.00194299  0.5036  -0.224172  8.84709e-16  -0.063963  -0.00504816  
CSPS-CFR  0.089698  -0.550411  -0.187349  -0.215088  0.0639652  5.55112e-17  0.160946  
CFPS-CFR  -0.150313  0.00236614  0.49114  -0.166005  0.00504816  -0.160946  8.22259e-16  
t = 7
CFR  -3.46945e-18  -0.00660586  0.0938522  -0.0562491  -0.00472678  -0.132686  0.190507  
CFR_IN  0.00660586  9.4369e-16  -0.403567  0.149075  0.103348  -0.474087  0.0744774  
A-CFR_IN  -0.0938522  0.403567  1.02891e-15  -0.157803  0.507653  2.93792e-16  0.266298  
BPS-CFR  0.0562491  -0.149075  0.157803  -8.67362e-19  -0.00872967  -0.147674  0.340833  
TIPS-CFR  0.00472678  -0.103348  -0.507653  0.00872967  4.16334e-16  -0.0821633  0.0208149  
CSPS-CFR  0.132686  0.474087  6.39315e-16  0.147674  0.0821633  3.33067e-16  -0.297773  
CFPS-CFR  -0.190507  -0.0744774  -0.266298  -0.340833  -0.0208149  0.297773  7.21645e-16  
t = 8
CFR  0  0.303266  0.25343  -0.0868471  0.0362138  -0.255894  -0.238563  
CFR_IN  -0.303266  3.33067e-16  0.234693  -0.359718  -0.142763  0.0593052  -0.120595  
A-CFR_IN  -0.25343  -0.234693  9.08073e-16  0.102774  0.270701  -0.249998  0.324635  
BPS-CFR  0.0868471  0.359718  -0.102774  1.43115e-17  -0.0264937  -0.115102  -0.27353  
TIPS-CFR  -0.0362138  0.142763  -0.270701  0.0264937  1.11022e-16  0.116217  0.0722408  
CSPS-CFR  0.255894  -0.0593052  0.249998  0.115102  -0.116217  6.76542e-17  0.16945  
CFPS-CFR  0.238563  0.120595  -0.324635  0.27353  -0.0722408  -0.16945  3.60822e-16  
t = 9
CFR  -2.77556e-17  -0.145432  -0.274612  -0.0799329  -0.106185  0.159981  0.0236259  
CFR_IN  0.145432  -5.55112e-17  0.26188  0.184475  -0.365071  -0.332407  -0.220335  
A-CFR_IN  0.274612  -0.26188  9.00454e-16  0.278916  -0.0459317  -0.244487  -0.0710671  
BPS-CFR  0.0799329  -0.184475  -0.278916  0  -0.0484461  -0.0303794  0.0992805  
TIPS-CFR  0.106185  0.365071  0.0459317  0.0484461  6.93889e-17  -0.226312  -0.0215739  
CSPS-CFR  -0.159981  0.332407  0.244487  0.0303794  0.226312  2.08167e-16  0.508294  
CFPS-CFR  -0.0236259  0.220335  0.0710671  -0.0992805  0.0215739  -0.508294  3.60822e-16  
t = 10
CFR  1.38778e-17  -0.304136  -0.00399528  0.0660912  -0.17486  -0.0814673  -0.497571  
CFR_IN  0.304136  -2.63678e-16  -0.551132  0.152206  -0.0948908  -0.0953929  -0.0459126  
A-CFR_IN  0.00399528  0.551132  7.10894e-16  0.0390613  -0.220543  -0.229996  -0.280832  
BPS-CFR  -0.0660912  -0.152206  -0.0390613  -6.93889e-18  -0.181527  -0.0830317  -0.355086  
TIPS-CFR  0.17486  0.0948908  0.220543  0.181527  1.80411e-16  0.12972  -0.080033  
CSPS-CFR  0.0814673  0.0953929  0.229996  0.0830317  -0.12972  0.000609869  -0.434782  
CFPS-CFR  0.497571  0.0459126  0.280832  0.355086  0.080033  0.434782  2.498e-16  
t = 11
CFR  -6.93889e-18  -0.15757  -0.0123001  -0.0238075  -0.25356  0.264494  0.0556827  
CFR_IN  0.15757  1.11022e-16  0.0503249  0.0282053  -0.0538432  -0.0690718  -0.167567  
A-CFR_IN  0.0123001  -0.0503249  1.10026e-15  -0.124826  0.529524  0.449001  0.108258  
BPS-CFR  0.0238075  -0.0282053  0.124826  -2.08167e-17  0.0863089  0.127501  0.00177588  
TIPS-CFR  0.25356  0.0538432  -0.529524  -0.0863089  5.55112e-17  0.122401  0.224546  
CSPS-CFR  -0.264494  0.0690718  -0.449001  -0.127501  -0.122401  2.68015e-16  0.0689874  
CFPS-CFR  -0.0556827  0.167567  -0.108258  -0.00177588  -0.224546  -0.0689874  2.08167e-16  
t = 12
CFR  -6.93889e-18  -0.0267455  -0.0585722  -0.126666  -0.0892041  -0.0155583  -0.293095  
CFR_IN  0.0267455  2.77556e-16  -0.302777  -0.119238  0.00934699  -0.219248  -0.129895  
A-CFR_IN  0.0585722  0.302777  8.10242e-16  0.1139  -0.224704  -0.0190239  0.0741121  
BPS-CFR  0.126666  0.119238  -0.1139  -6.93889e-18  -0.0617532  0.0376725  -0.175801  
TIPS-CFR  0.0892041  -0.00934668  0.224704  0.0617532  5.55112e-17  0.323451  -0.0111937  
CSPS-CFR  0.0155584  0.219248  0.0190239  -0.0376725  -0.323451  1.59595e-16  -0.164538  
CFPS-CFR  0.293095  0.129895  -0.0741121  0.175801  0.0111937  0.164538  2.22045e-16  
t = 13
CFR  0  0.173491  0.0514225  -0.0559779  0.0516104  -0.0330565  0.0330292  
CFR_IN  -0.173491  1.11022e-16  -0.348529  -0.119105  -0.0945707  -0.232871  -0.275797  
A-CFR_IN  -0.0514225  0.348529  6.4026e-16  -0.0528252  0.36677  0.154075  -0.0308002  
BPS-CFR  0.0559779  0.119105  0.0528252  -2.77556e-17  -0.0443716  0.139824  -0.139622  
TIPS-CFR  -0.0516104  0.0945707  -0.36677  0.0443716  1.02696e-15  0.180131  0.0558698  
CSPS-CFR  0.0330565  0.232871  -0.154075  -0.139824  -0.180131  0.000527695  0.0354464  
CFPS-CFR  -0.0330292  0.275797  0.0308002  0.139622  -0.0558698  -0.0354464  2.22045e-16  
t = 14
CFR  2.77556e-17  0.131713  0.126172  0.0551275  -0.158378  -0.125109  -0.0168228  
CFR_IN  -0.131713  0  -0.165764  -0.10667  -0.0734544  0.13386  0.0644737  
A-CFR_IN  -0.126172  0.165764  1.45559e-15  -0.202969  0.041761  0.0575099  -0.0820403  
BPS-CFR  -0.0551275  0.10667  0.202969  1.38778e-17  -0.0427781  -0.185153  0.101835  
TIPS-CFR  0.158378  0.0734544  -0.041761  0.0427781  -2.08167e-17  0.0342958  -0.04301  
CSPS-CFR  0.125109  -0.13386  -0.0575099  0.185153  -0.0342958  -1.38778e-17  -0.0902574  
CFPS-CFR  0.0168228  -0.0644737  0.0820403  -0.101835  0.04301  0.0902574  4.44089e-16  
t = 15
CFR  -1.73472e-18  -0.00448475  0.422544  -0.0447855  0.0139569  -0.115622  0.0329988  
CFR_IN  0.00448475  5.55112e-17  -0.15909  -0.0303759  -0.0286286  0.0909696  -0.213507  
A-CFR_IN  -0.422544  0.15909  6.83573e-16  -0.122233  -0.444442  -0.457194  0.05118  
BPS-CFR  0.0447855  0.0303759  0.122233  -6.93889e-18  -0.274243  -0.623074  0.112741  
TIPS-CFR  -0.0139569  0.0286286  0.444442  0.274243  6.93889e-16  0.238755  -0.0938937  
CSPS-CFR  0.115622  -0.0909696  0.457194  0.623074  -0.238755  5.27356e-16  0.0302855  
CFPS-CFR  -0.0329988  0.213507  -0.05118  -0.112741  0.0938937  -0.0302855  3.88578e-16  
t = 16
CFR  0  -0.140865  -0.136283  -0.147911  -0.0195313  -0.325179  0.0348387  
CFR_IN  0.140865  0  -0.23046  -0.185306  -0.039877  -0.0426779  0.136601  
A-CFR_IN  0.136283  0.23046  1.55832e-15  -0.61602  -0.0443162  -0.645828  0.0323687  
BPS-CFR  0.147911  0.185306  0.61602  0  -0.236627  -0.308254  0.108203  
TIPS-CFR  0.0195313  0.039877  0.0443162  0.236627  5.55112e-17  0.146624  -0.0511183  
CSPS-CFR  0.325179  0.0426779  0.645828  0.308254  -0.146624  5.55112e-16  0.122059  
CFPS-CFR  -0.0348387  -0.136601  -0.0323687  -0.108203  0.0511183  -0.122059  2.77556e-16  
t = 17
CFR  -2.77556e-17  0.115085  0.0257174  0.00555459  -0.203928  -0.169778  0.131312  
CFR_IN  -0.115085  1.33227e-15  0.181145  -0.182638  0.138126  0.157067  0.223749  
A-CFR_IN  -0.0257174  -0.181145  6.92679e-16  -0.757187  -0.12106  -0.381297  -0.158409  
BPS-CFR  -0.00555459  0.182638  0.757187  2.77556e-17  -0.0220707  0.0378358  -0.0722912  
TIPS-CFR  0.203928  -0.138126  0.12106  0.0220707  1.66533e-16  0.0893758  -0.050966  
CSPS-CFR  0.169778  -0.157067  0.381297  -0.0378358  -0.0893758  2.3679e-16  0.00295442  
CFPS-CFR  -0.131312  -0.223749  0.158409  0.0722912  0.050966  -0.00295442  -8.32667e-17  
t = 18
CFR  0  -0.15868  0.0205899  0.146039  -0.00364407  -0.0197738  -0.122787  
CFR_IN  0.15868  3.33067e-16  -0.247069  0.0489369  -0.0212716  0.182939  0.21177  
A-CFR_IN  -0.0205899  0.247069  8.92424e-16  -0.552593  -0.192632  0.201755  -0.442796  
BPS-CFR  -0.146039  -0.0489369  0.552593  0  -0.0677049  -0.0332642  0.124405  
TIPS-CFR  0.00364407  0.0212716  0.192632  0.0677049  1.56819e-15  -0.146429  -0.00791784  
CSPS-CFR  0.0197738  -0.182939  -0.201755  0.0332642  0.146429  0  -0.211439  
CFPS-CFR  0.122787  -0.21177  0.442796  -0.124405  0.00791784  0.211439  6.66134e-16  
t = 19
CFR  2.77556e-17  0.0996429  0.0492257  -0.0219077  -0.362473  -0.245507  -0.241371  
CFR_IN  -0.0996429  7.77156e-16  0.0192099  0.126005  -0.257739  -0.124196  -0.214892  
A-CFR_IN  -0.0492257  -0.0192099  9.81852e-16  -0.0685665  -0.510173  0.257209  -0.550835  
BPS-CFR  0.0219077  -0.126005  0.0685665  0  -0.243572  -0.208797  -0.195822  
TIPS-CFR  0.362473  0.257739  0.510173  0.243572  2.91434e-16  0.0529653  0.163598  
CSPS-CFR  0.245507  0.124196  -0.257209  0.208797  -0.0529653  -5.55112e-17  -0.233492  
CFPS-CFR  0.241371  0.214892  0.550835  0.195822  -0.163598  0.233492  2.55351e-15  
t = 20
CFR  0  0.0610142  -0.279897  -0.190699  -0.323517  -0.282583  -0.122651  
CFR_IN  -0.0610142  1.6237e-15  0.233847  0.222278  -0.0797611  -0.0114993  -0.276921  
A-CFR_IN  0.279897  -0.233847  6.36898e-16  0.292631  -0.404265  0.158896  -0.26507  
BPS-CFR  0.190699  -0.222278  -0.292631  0  -0.340188  -0.0506202  -0.117153  
TIPS-CFR  0.323517  0.0797611  0.404265  0.340188  1.42768e-15  -0.00100413  -0.07196  
CSPS-CFR  0.282583  0.0114993  -0.158896  0.0506202  0.00100413  5.55112e-17  0.0041192  
CFPS-CFR  0.122651  0.276921  0.26507  0.117153  0.07196  -0.0041192  2.22045e-16  
t = 21
CFR  0  -0.163742  -0.0597991  -0.210971  -0.22969  0.0331922  -0.0573344  
CFR_IN  0.163742  3.747e-16  0.27572  -0.254887  0.0390652  -0.109419  -0.0948215  
A-CFR_IN  0.0597991  -0.27572  1.45994e-15  0.327116  0.0105603  -0.0558668  0.00170407  
BPS-CFR  0.210971  0.254887  -0.327116  6.93889e-18  -0.258971  -0.106327  -0.125251  
TIPS-CFR  0.22969  -0.0390652  -0.0105603  0.258971  1.17961e-16  0.0658598  -0.139334  
CSPS-CFR  -0.0331797  0.109419  0.0558668  0.106327  -0.0658598  2.86229e-16  -0.131703  
CFPS-CFR  0.0573344  0.0948215  -0.00170407  0.125251  0.139334  0.131703  2.08167e-15  
t = 22
CFR  0  -0.0719399  -0.124771  0.0344859  -0.169934  -0.019308  -0.244762  
CFR_IN  0.0719399  1.66533e-16  0.350219  0.0533628  -0.108452  0.232921  -0.0983791  
A-CFR_IN  0.124771  -0.350219  1.17538e-15  -0.107484  0.177267  -0.0991395  -0.0310791  
BPS-CFR  -0.0344859  -0.0533628  0.107484  -1.38778e-17  -0.182348  -0.102054  -0.112734  
TIPS-CFR  0.169934  0.108452  -0.177267  0.182348  2.77556e-17  -0.0933213  -0.00453823  
CSPS-CFR  0.019308  -0.232921  0.0991395  0.102054  0.0933213  3.46945e-17  0.0174553  
CFPS-CFR  0.244762  0.0983791  0.0310791  0.112734  0.00453823  -0.0174553  1.83187e-15  
t = 23
CFR  0  -0.0211833  -0.440468  0.111374  -0.254645  -0.164574  -0.232969  
CFR_IN  0.0211833  3.88578e-16  0.0887822  0.293161  -0.0661286  0.0671681  -0.0906918  
A-CFR_IN  0.440468  -0.0887822  7.25176e-16  -0.336545  -0.100925  0.191396  -0.00753988  
BPS-CFR  -0.111374  -0.293161  0.336545  1.38778e-17  -0.00408169  0.129132  -0.0269799  
TIPS-CFR  0.254645  0.0661286  0.100925  0.00408169  -2.63678e-16  0.123846  -0.083312  
CSPS-CFR  0.164574  -0.0671681  -0.191396  -0.129132  -0.123846  1.39645e-16  -0.0719163  
CFPS-CFR  0.232969  0.0906918  0.00753988  0.0269799  0.083312  0.0719163  1.92901e-15  
t = 24
CFR  4.85723e-17  -0.138674  0.0181365  -0.103104  -0.0866257  -0.222374  -0.262208  
CFR_IN  0.138674  4.71845e-16  0.0764649  0.0226208  0.0775384  -0.0403836  -0.127538  
A-CFR_IN  -0.0181365  -0.0764649  1.04147e-15  0.602802  0.0796514  -0.0289949  -0.227142  
BPS-CFR  0.103104  -0.0226208  -0.602802  0  -0.00288945  0.0768142  -0.0696054  
TIPS-CFR  0.0866257  -0.0775384  -0.0796514  0.00288945  3.1225e-17  0.0389176  -0.0657589  
CSPS-CFR  0.222374  0.0403836  0.0289949  -0.0768142  -0.0389176  -1.38778e-17  -0.0854471  
CFPS-CFR  0.262208  0.127538  0.227142  0.0696054  0.0657589  0.0854471  2.77556e-17  
t = 25
CFR  0  -0.407696  0.316406  -0.171138  0.0165572  -0.0779839  -0.188455  
CFR_IN  0.407696  8.66681e-16  -0.0218513  0.122748  -0.0665062  -0.0266395  -0.167665  
A-CFR_IN  -0.316406  0.0218513  5.8458e-16  -0.00548427  0.233673  -0.393549  0.0121828  
BPS-CFR  0.171138  -0.122748  0.00548427  1.38778e-17  -0.0818349  0.045663  -0.0469196  
TIPS-CFR  -0.0165572  0.0665062  -0.233673  0.0818349  8.32667e-16  0.0404773  0.0347203  
CSPS-CFR  0.0779839  0.0266395  0.393549  -0.045663  -0.0404773  3.05311e-16  -0.02084  
CFPS-CFR  0.188455  0.167665  -0.0121828  0.0469196  -0.0347203  0.02084  6.66134e-16  
t = 26
CFR  -2.77556e-17  -0.124705  0.456819  -0.0709778  -0.0907368  0.0157687  -0.238827  
CFR_IN  0.124705  7.21645e-16  -0.0992266  0.062807  0.0833755  -0.0178576  -0.159965  
A-CFR_IN  -0.456819  0.0992266  1.7308e-15  -0.391736  -0.404671  -0.623383  0.222153  
BPS-CFR  0.0709778  -0.062807  0.391736  0  -0.100157  0.0683595  -0.0634711  
TIPS-CFR  0.0907368  -0.0833755  0.404671  0.100157  1.59378e-16  -0.0239771  0.110585  
CSPS-CFR  -0.0157687  0.0178576  0.623383  -0.0683595  0.0239771  1.61329e-16  -0.0882481  
CFPS-CFR  0.238827  0.159965  -0.222153  0.0634711  -0.110585  0.0882481  0  
t = 27
CFR  -1.38778e-17  -0.0677729  0.531013  -0.0327984  -0.114893  -0.0585831  -0.14292  
CFR_IN  0.0677729  3.60822e-16  0.0878421  -0.113686  0.0948142  0.0912152  -0.118441  
A-CFR_IN  -0.531013  -0.0878421  8.18618e-16  -0.52081  -0.511334  -0.200246  0.220968  
BPS-CFR  0.0327984  0.113686  0.52081  1.38778e-17  -0.0994971  0.0496897  -0.0894497  
TIPS-CFR  0.114893  -0.0948142  0.511334  0.0994971  5.68989e-16  -0.10284  0.052733  
CSPS-CFR  0.0585831  -0.0912152  0.200246  -0.0496897  0.10284  3.29597e-16  -0.132128  
CFPS-CFR  0.14292  0.118441  -0.220968  0.0894497  -0.052733  0.132128  5.55112e-16  
t = 28
CFR  0  -0.259485  0.570826  -0.218227  -0.190337  -0.0802029  -0.0878538  
CFR_IN  0.259485  4.16334e-17  0.426486  -0.101432  -0.0150437  -0.022238  -0.131465  
A-CFR_IN  -0.570826  -0.426486  5.73283e-16  -0.168463  -0.325994  0.421673  -0.135202  
BPS-CFR  0.218227  0.101432  0.168463  1.38778e-17  -0.0199673  0.00976157  0.0086457  
TIPS-CFR  0.161357  0.0150437  0.325477  0.0199673  2.60209e-16  -0.177647  -0.0114053  
CSPS-CFR  0.0802029  0.022238  -0.421673  -0.00976157  0.177647  5.82867e-16  0.0448507  
CFPS-CFR  0.0878538  0.131465  0.135202  -0.0086457  0.0114053  -0.0448507  6.38812e-16  
t = 29
CFR  0  -0.181506  0.566383  -0.078442  -0.115675  0.0523599  -0.0888581  
CFR_IN  0.181506  5.74193e-16  0.183437  -0.055753  -0.208234  -0.0276269  -0.16258  
A-CFR_IN  -0.566383  -0.183437  1.22375e-15  0.187216  -0.199478  -0.108625  0.420628  
BPS-CFR  0.078442  0.055753  -0.187216  1.38778e-17  -0.0731831  0.0240389  -0.053847  
TIPS-CFR  0.115675  0.208234  0.199478  0.0731831  3.24393e-16  -0.0154995  0.0241643  
CSPS-CFR  -0.0523599  0.0276269  0.108625  -0.0240389  0.0154995  4.44089e-16  0.106555  
CFPS-CFR  0.0888581  0.16258  -0.420628  0.053847  -0.0241643  -0.106555  8.32667e-17  
t = 30
CFR  0  -0.149607  0.362064  0.0196903  -0.135832  0.103961  0.0633081  
CFR_IN  0.149607  3.747e-16  -0.269941  0.110701  -0.130846  0.0189882  0.0273682  
A-CFR_IN  -0.362064  0.269941  7.02779e-16  0.149784  -0.149455  -0.517262  -0.0448268  
BPS-CFR  -0.0196903  -0.110701  -0.149784  1.38778e-17  -0.12532  0.0951036  0.148146  
TIPS-CFR  0.135832  0.130846  0.149455  0.12532  9.71445e-17  0.0240369  -0.0166622  
CSPS-CFR  -0.103961  -0.0189882  0.517262  -0.0951036  -0.0240369  1.11022e-16  0.00785623  
CFPS-CFR  -0.0633081  -0.0273682  0.0448268  -0.148146  0.0166622  -0.00785623  5.55112e-16  
t = 31
CFR  0  0.0793151  0.0672914  0.13512  -0.13159  0.100709  0.245372  
CFR_IN  -0.0793151  6.93889e-17  0.455509  0.0265399  -0.107312  -0.00937  0.215156  
A-CFR_IN  -0.0672914  -0.455509  1.24445e-15  0.0275018  -0.0866544  -0.322312  -0.331396  
BPS-CFR  -0.13512  -0.0265399  -0.0275018  2.08167e-17  0.00555253  0.0416022  0.174877  
TIPS-CFR  0.13159  0.107312  0.0866544  -0.00555253  1.38778e-16  0.0864476  0.284971  
CSPS-CFR  -0.100709  0.00937  0.322312  -0.0416022  -0.0864476  2.22045e-16  0.0123978  
CFPS-CFR  -0.245372  -0.215156  0.331396  -0.174877  -0.284971  -0.0123978  3.19189e-16  
t = 32
CFR  -2.77556e-17  -0.0667929  0.124567  0.158302  -0.00026988  0.00623376  0.308447  
CFR_IN  0.0667929  1.249e-16  0.609657  -0.15739  -0.0509145  -0.0840959  0.220374  
A-CFR_IN  -0.124567  -0.609657  1.10159e-15  -0.149866  -0.031742  -0.236575  -0.464725  
BPS-CFR  -0.158302  0.15739  0.149866  -2.77556e-17  0.170862  0.0446815  -0.00227267  
TIPS-CFR  0.00026988  0.0509145  0.031742  -0.170862  3.94216e-16  0.056375  -0.0810288  
CSPS-CFR  -0.00623376  0.0840959  0.236575  -0.0446815  -0.056375  9.71445e-17  0.0561247  
CFPS-CFR  -0.308447  -0.220374  0.464725  0.00227267  0.0810288  -0.0561247  2.3319e-15  
t = 33
CFR  -2.77556e-17  0.144777  0.165531  -0.0477297  0.0210316  -0.0612738  -0.00274268  
CFR_IN  -0.144777  -5.55112e-17  -0.486624  0.16925  -0.0596991  -0.156124  0.134463  
A-CFR_IN  -0.165531  0.486624  1.10637e-15  -0.254627  0.0757077  0.109972  -0.400447  
BPS-CFR  0.0477297  -0.16925  0.254627  0  0.189229  0.0526362  -0.114468  
TIPS-CFR  -0.0210316  0.0596991  -0.0757077  -0.189229  1.76942e-15  0.0520488  -0.165444  
CSPS-CFR  0.0612738  0.156124  -0.109972  -0.0526362  -0.0520488  4.44089e-16  0.0450039  
CFPS-CFR  0.00274268  -0.134463  0.400447  0.114468  0.165444  -0.0450039  1.29063e-15  
t = 34
CFR  -1.38778e-17  0.0176064  -0.334046  -0.0869986  0.0517231  -0.0417534  -0.109246  
CFR_IN  -0.0176064  2.22045e-16  -0.259258  0.152314  -0.00654734  -0.181382  -0.0920993  
A-CFR_IN  0.334046  0.259258  9.78671e-16  -0.143466  0.0392665  0.0436476  -0.179134  
BPS-CFR  0.0869986  -0.152314  0.143466  2.77556e-17  -0.0207844  0.123159  -0.105471  
TIPS-CFR  -0.0517231  0.00654734  -0.0392665  0.0207844  9.71445e-17  0.0361432  -0.124407  
CSPS-CFR  0.0417534  0.181382  -0.0436476  -0.123159  -0.0361432  1.52656e-16  0.075258  
CFPS-CFR  0.109246  0.0920993  0.179134  0.105471  0.124407  -0.075258  6.10623e-16  
t = 35
CFR  0  0.0915332  0.113697  0.0314692  -0.0313545  -0.0444167  -0.121916  
CFR_IN  -0.0915332  -3.46945e-16  0.0193828  -0.0892793  0.0361495  -0.14264  -0.197448  
A-CFR_IN  -0.113697  -0.0193828  1.00911e-15  -0.161564  -0.390344  0.10103  -0.0294418  
BPS-CFR  -0.0314692  0.0892793  0.161564  -6.93889e-18  0.0616239  0.208137  -0.119723  
TIPS-CFR  0.0313545  -0.0361495  0.390344  -0.0616239  2.63678e-16  -0.155613  -0.00481257  
CSPS-CFR  0.0444167  0.14264  -0.10103  -0.208137  0.155613  7.77156e-16  0.0886218  
CFPS-CFR  0.121916  0.197448  0.0294418  0.119723  0.00481257  -0.0886218  3.88578e-16  
t = 36
CFR  2.77556e-17  0.0945511  -0.190044  0.122713  0.0281153  -0.0314286  0.0285655  
CFR_IN  -0.0945511  4.44089e-16  -0.0396571  -0.158435  -0.0762689  -0.0352167  -0.211428  
A-CFR_IN  0.190044  0.0396571  5.81611e-16  -0.199623  -0.482624  -0.140232  -0.001223  
BPS-CFR  -0.122713  0.158435  0.199623  0  0.0128457  0.110762  0.00231849  
TIPS-CFR  -0.0281153  0.0762689  0.482624  -0.0128457  9.71445e-17  -0.149315  -0.0723285  
CSPS-CFR  0.0314286  0.0352167  0.140232  -0.110762  0.149315  7.49401e-16  0.031115  
CFPS-CFR  -0.0285655  0.211428  0.001223  -0.00231849  0.0723285  -0.031115  2.22045e-16  
t = 37
CFR  -5.20417e-18  0.150046  -0.307392  -0.0114968  0.132307  -0.0685052  -0.0720496  
CFR_IN  -0.150046  1.22125e-15  -0.014599  -0.0908516  -0.142639  0.0485198  -0.101585  
A-CFR_IN  0.307392  0.014599  6.91292e-16  0.0970441  -0.128607  -0.159831  -0.014385  
BPS-CFR  0.0114968  0.0908516  -0.0970441  0  -0.106265  0.0149207  0.180642  
TIPS-CFR  -0.132307  0.142639  0.128607  0.106265  3.19189e-16  0.026284  0.188625  
CSPS-CFR  0.0685052  -0.0485198  0.159831  -0.0149207  -0.026284  7.25982e-16  -0.058  
CFPS-CFR  0.0720496  0.101585  0.014385  -0.180642  -0.188625  0.058  9.15934e-16  
t = 38
CFR  0  0.152953  -0.614521  -0.12624  0.0430647  -0.127448  0.00647695  
CFR_IN  -0.152953  5.96745e-16  -0.00390654  -0.0359079  -0.0616555  -0.154111  0.10669  
A-CFR_IN  0.614521  0.00390654  1.45801e-15  0.383802  0.10882  0.381116  -0.108965  
BPS-CFR  0.12624  0.0359079  -0.383802  6.93889e-18  -0.0574944  -0.213849  -0.0159108  
TIPS-CFR  -0.0430647  0.0616555  -0.10882  0.0574944  6.66134e-16  0.0915914  0.0129657  
CSPS-CFR  0.127448  0.154111  -0.381116  0.213849  -0.0915914  1.52656e-15  0.10729  
CFPS-CFR  -0.00647695  -0.10669  0.108965  0.0159108  -0.0129657  -0.10729  2.77556e-16  
t = 39
CFR  0  0.0373666  -0.619748  -0.18846  -0.184152  -0.188211  0.00445704  
CFR_IN  -0.0373666  1.80411e-15  0.271618  -0.0159825  -0.0225933  -0.279774  0.203914  
A-CFR_IN  0.619748  -0.271618  6.3367e-16  0.37455  -0.254919  0.0288518  -0.521404  
BPS-CFR  0.18846  0.0159825  -0.37455  0  0.0525424  -0.0662496  -0.0167631  
TIPS-CFR  0.184152  0.0225933  0.254919  -0.0525424  4.61436e-16  0.104768  -0.0764383  
CSPS-CFR  0.188211  0.279774  -0.0288518  0.0662496  -0.104768  4.05058e-16  0.186983  
CFPS-CFR  -0.00445704  -0.203914  0.521404  0.0167631  0.0764383  -0.186983  2.84495e-16  
t = 40
CFR  -1.69136e-17  -0.0520935  0.474137  -0.106371  -0.1012  -0.0171521  -0.0867811  
CFR_IN  0.0520935  9.02056e-16  0.273515  0.0716891  -0.0609338  -0.224517  0.278802  
A-CFR_IN  -0.474137  -0.273515  1.4432e-15  0.289237  -0.231116  -0.447499  -0.877071  
BPS-CFR  0.106371  -0.0716891  -0.289237  1.04083e-17  0.0039593  0.0048012  0.0178113  
TIPS-CFR  0.1012  0.0609338  0.231116  -0.0039593  4.71845e-16  0.0157742  0.128928  
CSPS-CFR  0.0171521  0.224517  0.447499  -0.0048012  -0.0157742  1.33227e-15  0.160755  
CFPS-CFR  0.0867811  -0.278802  0.877071  -0.0178113  -0.128928  -0.160755  1.52656e-16  
t = 41
CFR  6.93889e-18  -0.0886738  0.738546  0.0507846  0.0394959  0.0816548  -0.102126  
CFR_IN  0.0886738  7.07767e-16  0.454243  -0.0316881  -0.144931  -0.0633174  0.0904649  
A-CFR_IN  -0.738546  -0.454243  1.03837e-15  0.226196  -0.187677  -0.041112  -0.369799  
BPS-CFR  -0.0507846  0.0316881  -0.226196  1.38778e-17  0.015084  -0.158176  -0.0187395  
TIPS-CFR  -0.0394959  0.144931  0.187677  -0.015084  7.49401e-16  0.100908  0.116277  
CSPS-CFR  -0.0816548  0.0633174  0.041112  0.158176  -0.100908  3.1572e-16  -0.117237  
CFPS-CFR  0.102126  -0.0904649  0.369799  0.0187395  -0.116277  0.117237  2.23432e-15  
t = 42
CFR  -2.77556e-17  0.0814163  0.225504  0.124927  -0.0523762  -0.184216  -0.0389624  
CFR_IN  -0.0814163  1.16573e-15  0.316883  -0.0201657  -0.298447  0.0259114  0.1409  
A-CFR_IN  -0.225504  -0.316883  1.11309e-15  0.147549  -0.106342  0.115361  -0.310588  
BPS-CFR  -0.124927  0.0201657  -0.147549  0  -0.0496421  0.0186125  -0.10542  
TIPS-CFR  0.0523762  0.298447  0.106342  0.0496421  6.66134e-16  0.0346099  0.0439464  
CSPS-CFR  0.184216  -0.0259114  -0.115361  -0.0186125  -0.0346099  1.38778e-16  0.0343375  
CFPS-CFR  0.0389624  -0.1409  0.310588  0.10542  -0.0439464  -0.0343375  2.81719e-15  
t = 43
CFR  0  0.246533  -0.0790056  0.131696  -0.115254  -0.240856  0.0409475  
CFR_IN  -0.246533  1.66533e-15  0.10716  0.0294309  -0.0373003  0.0669131  0.132263  
A-CFR_IN  0.0790056  -0.10716  9.33094e-16  0.0206192  -0.206317  0.59059  -0.397866  
BPS-CFR  -0.131696  -0.0294309  -0.0206192  -2.77556e-17  -0.0110317  0.176868  0.0364986  
TIPS-CFR  0.115254  0.0373003  0.206317  0.0110317  2.22045e-16  0.0261678  -0.0189283  
CSPS-CFR  0.240856  -0.0669131  -0.59059  -0.176868  -0.0261678  3.46945e-17  -0.115424  
CFPS-CFR  -0.0409475  -0.132263  0.397866  -0.0364986  0.0189283  0.115424  1.60982e-15  
t = 44
CFR  0  0.391446  -0.301149  0.0503459  -0.132692  -0.120131  0.0262307  
CFR_IN  -0.391446  4.16334e-17  0.0264451  0.11311  -0.157397  0.00528269  0.0544375  
A-CFR_IN  0.301149  -0.0264451  1.16009e-15  0.309768  -0.309346  -0.798489  0.0106385  
BPS-CFR  -0.0503459  -0.11311  -0.309768  2.08167e-17  0.0237003  -0.145055  0.111452  
TIPS-CFR  0.132692  0.157397  0.309346  -0.0237003  2.56739e-16  -0.0354064  -0.0768591  
CSPS-CFR  0.120131  -0.00528269  0.798489  0.145055  0.0354064  5.55112e-17  -0.191302  
CFPS-CFR  -0.0262307  -0.0544375  -0.0106385  -0.111452  0.0768591  0.191302  1.19349e-15  
t = 45
CFR  1.38778e-17  -0.0557649  0.23245  0.0188021  -0.190125  -0.207874  -0.0027677  
CFR_IN  0.0557649  8.88178e-16  -0.0137416  0.136441  -0.143802  -0.00145377  -0.0662259  
A-CFR_IN  -0.23245  0.0137416  6.38216e-16  0.0458428  0.18114  0.627179  0.0357033  
BPS-CFR  -0.0188021  -0.136441  -0.0458428  -1.38778e-17  -0.0176697  -0.149381  0.0193002  
TIPS-CFR  0.190045  0.143802  -0.18114  0.0176697  4.44089e-16  -0.0880383  -0.112863  
CSPS-CFR  0.207874  0.00145377  -0.627179  0.149381  0.0880383  7.21645e-16  -0.138569  
CFPS-CFR  0.0027677  0.0662259  -0.0357033  -0.0193002  0.112863  0.138569  1.15186e-15  
t = 46
CFR  -1.38778e-17  -0.323713  0.687578  -0.0662416  -0.157271  0.0476384  -0.045035  
CFR_IN  0.323713  2.63678e-16  -0.0224404  0.0680035  -0.108354  -0.277378  -0.183792  
A-CFR_IN  -0.687578  0.0224404  1.26231e-15  -0.216182  0.0209622  0.190312  -0.137175  
BPS-CFR  0.0662416  -0.0680035  0.216182  6.93889e-18  -0.0345717  -0.0566385  0.14509  
TIPS-CFR  0.157271  0.108354  -0.0209622  0.0345717  3.60822e-16  0.0950757  -0.10323  
CSPS-CFR  -0.0476384  0.277378  -0.190312  0.0566385  -0.0950757  4.996e-16  -0.116918  
CFPS-CFR  0.045035  0.183792  0.137175  -0.14509  0.10323  0.116918  1.38778e-16  
t = 47
CFR  6.93889e-18  -0.208656  -0.216084  -0.186967  -0.0663681  0.04787  -0.154739  
CFR_IN  0.208656  2.35922e-16  -0.266699  -0.0238585  0.0487977  -0.135312  -0.216431  
A-CFR_IN  0.216084  0.266699  1.11477e-15  -0.351338  -0.0838095  0.115503  -0.286802  
BPS-CFR  0.186967  0.0238585  0.351338  2.08167e-17  -0.0923877  0.0345141  0.2215  
TIPS-CFR  0.0663681  -0.0487977  0.0838095  0.0923877  7.56339e-16  -0.10418  -0.0800712  
CSPS-CFR  -0.04787  0.135312  -0.115503  -0.0345141  0.10418  6.38378e-16  -0.149749  
CFPS-CFR  0.154739  0.216431  0.286802  -0.2215  0.0800712  0.149749  8.60423e-16  
t = 48
CFR  0  0.0268398  0.0562107  -0.21967  -0.0425429  0.144614  -0.210369  
CFR_IN  -0.0268398  2.70617e-16  -0.482227  -0.0764735  0.245579  0.142733  -0.0503862  
A-CFR_IN  -0.0562107  0.482227  9.24642e-16  -0.0739771  -0.183963  0.0658016  -0.141491  
BPS-CFR  0.21967  0.0764735  0.0739771  1.38778e-17  -0.114964  -0.0631942  0.184052  
TIPS-CFR  0.0425429  -0.245579  0.183963  0.114964  2.08167e-16  -0.196613  -0.118381  
CSPS-CFR  -0.144614  -0.142733  -0.0658016  0.0631942  0.196613  9.02056e-17  -0.0777383  
CFPS-CFR  0.210369  0.0503862  0.141491  -0.184052  0.118381  0.0777383  -1.38778e-17  
t = 49
CFR  0  0.0644636  -0.648884  -0.142967  -0.029561  0.0632496  -0.158017  
CFR_IN  -0.0644636  6.245e-16  -0.0356482  -0.0431815  0.350231  0.0263581  0.00251603  
A-CFR_IN  0.648884  0.0356482  1.22888e-15  0.100034  -0.301264  -0.0501469  -0.370902  
BPS-CFR  0.142967  0.0431815  -0.100034  -2.77556e-17  -0.180639  -0.159323  0.110126  
TIPS-CFR  0.029561  -0.350231  0.301264  0.180639  1.18542e-09  -0.21271  -0.160078  
CSPS-CFR  -0.0632496  -0.0263581  0.0501469  0.159323  0.21271  2.05738e-15  0.0126371  
CFPS-CFR  0.158017  -0.00251603  0.370902  -0.110126  0.160078  -0.0126371  1.15186e-15  
t = 50
CFR  -1.38778e-17  -0.0378156  -0.703935  -0.103843  -0.0512599  -0.137934  -0.07758  
CFR_IN  0.0378156  3.46945e-16  0.195252  -0.0451035  -0.0344388  -0.0719607  -0.141971  
A-CFR_IN  0.703935  -0.195252  1.28006e-15  -0.0242002  0.283912  -0.315603  -0.479882  
BPS-CFR  0.103843  0.0451035  0.0242002  1.38778e-17  0.0178867  -0.132511  -0.147533  
TIPS-CFR  0.0487913  0.0344388  -0.283912  -0.0178867  5.27356e-16  0.0630518  -0.0623342  
CSPS-CFR  0.137934  0.0719607  0.315603  0.132511  -0.0630518  1.79023e-15  0.157379  
CFPS-CFR  0.07758  0.141971  0.479882  0.147533  0.0623342  -0.157379  3.37924e-15  
t = 51
CFR  -5.55112e-17  -0.107838  -0.641269  -0.049374  -0.225196  -0.243442  -0.0298425  
CFR_IN  0.107838  7.11237e-17  0.392144  0.00241743  -0.218275  -0.255045  -0.18225  
A-CFR_IN  0.641269  -0.392144  1.72494e-15  -0.177744  0.171371  -0.226464  -0.536484  
BPS-CFR  0.049374  -0.00241743  0.177744  0  0.140643  -0.0825334  -0.145501  
TIPS-CFR  0.225196  0.218275  -0.171371  -0.140643  2.01228e-16  0.0155844  0.00341527  
CSPS-CFR  0.243442  0.255045  0.226464  0.0825334  -0.0155844  9.02056e-16  0.0890844  
CFPS-CFR  0.0298425  0.18225  0.536484  0.145501  -0.00341527  -0.0890844  7.49401e-16  
t = 52
CFR  -4.16334e-17  -0.00448804  -0.16794  -0.00910662  -0.108664  -0.186723  -0.021151  
CFR_IN  0.00448804  -4.16334e-17  0.537015  -0.0236145  -0.252003  -0.155014  -0.0696004  
A-CFR_IN  0.16794  -0.537015  9.5204e-16  -0.294721  0.181255  -0.294113  -0.594328  
BPS-CFR  0.00910662  0.0236145  0.294721  -5.55112e-17  -0.0857417  -0.0921248  -0.0704523  
TIPS-CFR  0.108664  0.252003  -0.181255  0.0857417  7.07767e-16  -0.0302882  0.0216947  
CSPS-CFR  0.186723  0.155014  0.294113  0.0921248  0.0302882  1.02349e-15  -0.0796152  
CFPS-CFR  0.021151  0.0696004  0.594328  0.0704523  -0.0216947  0.0796152  1.38778e-15  
t = 53
CFR  0  0.0640315  0.265189  -0.019212  0.0679061  -0.0371333  0.0635571  
CFR_IN  -0.0640315  -3.33067e-16  0.51636  0.0148045  -0.151912  -0.0596195  0.032791  
A-CFR_IN  -0.265189  -0.51636  1.11832e-15  -0.180955  0.0300164  -0.229409  -0.13423  
BPS-CFR  0.019212  -0.0148045  0.180955  0  -0.0805476  -0.135435  0.0100933  
TIPS-CFR  -0.0679061  0.151912  -0.0300164  0.0805476  1.11022e-16  0.0357533  0.0282495  
CSPS-CFR  0.0371333  0.0596195  0.229409  0.135435  -0.0357533  6.45317e-16  -0.0301433  
CFPS-CFR  -0.0635571  -0.032791  0.13423  -0.0100933  -0.0282495  0.0301433  2.42167e-15  
t = 54
CFR  0  0.0508587  0.609119  -0.076336  0.0284938  0.0792861  -0.321648  
CFR_IN  -0.0508587  6.38378e-16  0.492542  -0.0703318  -0.04042  -0.0954707  0.0244483  
A-CFR_IN  -0.609119  -0.492542  9.56562e-16  0.00324975  0.116975  -0.0316549  -0.0254595  
BPS-CFR  0.076336  0.0703318  -0.00324975  -2.77556e-17  0.0744275  -0.0562835  -0.0173262  
TIPS-CFR  -0.0284938  0.04042  -0.116975  -0.0744275  2.02616e-15  0.0734092  -0.00494259  
CSPS-CFR  -0.0792861  0.0954707  0.0316549  0.0562835  -0.0734092  7.49401e-16  -0.019161  
CFPS-CFR  0.321648  -0.0244483  0.0254595  0.0173262  0.00494259  0.019161  1.8735e-16  
t = 55
CFR  0  0.0264005  0.240816  -0.129658  0.0625101  0.0809795  -0.34087  
CFR_IN  -0.0264005  -2.42861e-17  0.516236  -0.205096  0.0532906  0.00899564  0.00588418  
A-CFR_IN  -0.240816  -0.516236  1.86939e-15  -0.170848  -0.0642983  -0.29547  0.0169746  
BPS-CFR  0.129658  0.205096  0.170848  1.38778e-17  0.076156  0.0528499  0.0817196  
TIPS-CFR  -0.0625101  -0.0532906  0.0642983  -0.076156  1.38778e-16  0.0165679  -0.0373786  
CSPS-CFR  -0.0809795  -0.00899564  0.29547  -0.0528499  -0.0165679  6.14092e-16  -0.00584088  
CFPS-CFR  0.34087  -0.00588418  -0.0169746  -0.0817196  0.0373786  0.00584088  5.55112e-16  
t = 56
CFR  0  -0.0619886  -0.525988  -0.0857848  0.0837313  -0.0313523  -0.132951  
CFR_IN  0.0619886  3.60822e-16  0.381383  -0.230801  -0.0215114  0.10159  0.0548966  
A-CFR_IN  0.525988  -0.381383  7.97032e-16  -0.277323  -0.351117  -0.264877  0.422641  
BPS-CFR  0.0857848  0.230801  0.277323  2.77556e-17  0.0287373  0.136048  0.10127  
TIPS-CFR  -0.0837313  0.0215114  0.351117  -0.0287373  2.77556e-16  0.0637652  0.114738  
CSPS-CFR  0.0313523  -0.10159  0.264877  -0.136048  -0.0637652  3.33067e-16  0.059  
CFPS-CFR  0.132951  -0.0548966  -0.422641  -0.10127  -0.114738  -0.059  2.77556e-16  
t = 57
CFR  6.93889e-18  -0.105358  -0.544356  5.00074e-05  0.00630462  -0.107198  0.0828152  
CFR_IN  0.105358  6.10623e-16  0.106893  -0.233532  -0.0612521  0.0705826  0.0627842  
A-CFR_IN  0.544356  -0.106893  9.27033e-16  -0.326684  -0.394377  -0.11886  -0.192594  
BPS-CFR  -5.00074e-05  0.233532  0.326684  0  -0.0293275  0.0234117  -0.0252704  
TIPS-CFR  -0.00630462  0.0612521  0.394377  0.0293275  6.245e-16  0.105931  0.0991117  
CSPS-CFR  0.107198  -0.0705826  0.11886  -0.0234117  -0.105931  3.08781e-16  0.147359  
CFPS-CFR  -0.0828152  -0.0627842  0.192594  0.0252704  -0.0991117  -0.147359  1.60982e-15  
t = 58
CFR  0  -0.0327923  -0.363068  0.0375758  -0.0939559  -0.142377  0.0601688  
CFR_IN  0.0327923  2.77556e-16  0.037965  -0.0966504  -0.133962  -0.0135168  -0.168722  
A-CFR_IN  0.363068  -0.037965  9.21932e-16  -0.173504  -0.153625  -0.187465  -0.508696  
BPS-CFR  -0.0375758  0.0966504  0.173504  -2.77556e-17  -0.0923193  -0.0207961  -0.0359487  
TIPS-CFR  0.0939559  0.133962  0.153625  0.0923193  5.13478e-16  0.0415509  0.0772042  
CSPS-CFR  0.142377  0.0135168  0.187465  0.0207961  -0.0415509  1.11022e-16  0.114605  
CFPS-CFR  -0.0601688  0.168722  0.508696  0.0359487  -0.0772042  -0.114605  1.6237e-15  
t = 59
CFR  0  0.0488794  -0.287755  0.00139996  -0.0305847  -0.149363  0.0574228  
CFR_IN  -0.0488794  2.498e-16  -0.529962  -0.139191  -0.168996  -0.028816  -0.114379  
A-CFR_IN  0.287755  0.529962  1.34313e-15  -0.168963  0.0193137  -0.430874  0.00611187  
BPS-CFR  -0.00139996  0.139191  0.168963  0  -0.0242601  0.064946  0.00295068  
TIPS-CFR  0.0305847  0.168996  -0.0193137  0.0242601  2.20657e-15  -0.0907179  0.0186149  
CSPS-CFR  0.149363  0.028816  0.430874  -0.0649435  0.0907179  -2.77556e-17  0.0303952  
CFPS-CFR  -0.0574228  0.114379  -0.00611187  -0.00295068  -0.0186149  -0.0303952  1.4988e-15  
t = 60
CFR  -1.38778e-17  0.024791  -0.280926  -0.0351798  0.0993355  -0.138737  0.0852257  
CFR_IN  -0.024791  1.66533e-16  0.0589453  -0.0755687  -0.282817  0.00948582  -0.157434  
A-CFR_IN  0.280926  -0.0589453  6.14416e-16  -0.0815265  0.0189279  -0.102946  -0.0357587  
BPS-CFR  0.0351798  0.0755687  0.0815265  6.93889e-18  -0.00911736  -0.0124593  0.0482158  
TIPS-CFR  -0.0993355  0.282817  -0.0189279  0.00911736  2.43208e-15  -0.0823089  -0.0778933  
CSPS-CFR  0.138737  -0.00948582  0.102946  0.0124593  0.0823089  -1.38778e-17  -0.0157195  
CFPS-CFR  -0.0852257  0.157434  0.0357587  -0.0482158  0.0778933  0.0157195  1.249e-16  
t = 61
CFR  3.46945e-18  0.00649597  -0.253608  -0.0521776  0.105255  -0.0528239  -0.0697477  
CFR_IN  -0.00649597  1.04083e-16  0.312367  -0.191928  -0.278079  0.03129  -0.102241  
A-CFR_IN  0.253608  -0.312367  1.10064e-15  0.196216  0.155535  0.390843  -0.103236  
BPS-CFR  0.0521776  0.191928  -0.196216  -6.93889e-18  -0.0150648  -0.0946671  0.0134027  
TIPS-CFR  -0.105255  0.278079  -0.155535  0.0150648  -4.16334e-17  -0.0933346  0.0557178  
CSPS-CFR  0.0528239  -0.03129  -0.390843  0.0946671  0.0933346  0  -0.190367  
CFPS-CFR  0.0697477  0.102241  0.103236  -0.0134027  -0.0557178  0.190367  2.77556e-16  
t = 62
CFR  1.73472e-18  0.0703184  -0.0921991  -0.125486  0.0632632  0.0249703  -0.131979  
CFR_IN  -0.0703184  4.44089e-16  -0.622489  -0.114244  -0.320318  0.0314519  -0.175927  
A-CFR_IN  0.0921991  0.622489  6.70376e-16  0.425552  0.0753858  0.0959292  0.0931721  
BPS-CFR  0.125486  0.114244  -0.425552  1.38778e-17  0.0751923  -0.0162277  -0.178899  
TIPS-CFR  -0.0632632  0.320318  -0.0753858  -0.0751923  1.94289e-16  -0.115236  0.159793  
CSPS-CFR  -0.0249703  -0.0314519  -0.0959292  0.0162277  0.115236  1.11022e-16  0.0201516  
CFPS-CFR  0.131979  0.175927  -0.0931721  0.178899  -0.159793  -0.0201516  2.35922e-16  
t = 63
CFR  1.38778e-17  0.253929  0.01169  -0.194944  0.0181019  0.0237273  0.0982779  
CFR_IN  -0.253929  4.20497e-15  -0.530374  0.0614292  -0.208536  -0.0104072  -0.0472683  
A-CFR_IN  -0.01169  0.530374  7.76632e-16  0.504766  -0.0882317  -0.190466  0.069903  
BPS-CFR  0.194944  -0.0614292  -0.504766  1.38778e-17  0.0128815  -0.0266191  -0.278016  
TIPS-CFR  -0.0181019  0.208536  0.0882317  -0.0128815  2.22045e-16  -0.106401  0.0900899  
CSPS-CFR  -0.0237273  0.0104072  0.190466  0.0266191  0.106401  9.71445e-17  0.047256  
CFPS-CFR  -0.0982779  0.0472683  -0.069903  0.278016  -0.0900899  -0.047256  9.71445e-16  
t = 64
CFR  -1.04083e-17  0.370506  0.0830896  -0.194841  0.045542  0.0284023  0.163239  
