learner/env  CFR  A-CFR  CFR_IN  A-CFR_IN  BPS-CFR  TIPS-CFR  IPS-CFR  PI  greed_punisher  FP  
t = 0
CFR  -1.38778e-17  -1.38778e-17  -1.38778e-17  -1.38778e-17  -1.38778e-17  -1.38778e-17  -1.38778e-17  -1.38778e-17  -1.38778e-17  -1.38778e-17  
A-CFR  -1.38778e-17  -1.38778e-17  -1.38778e-17  -1.38778e-17  -1.38778e-17  -1.38778e-17  -1.38778e-17  -1.38778e-17  -1.38778e-17  -1.38778e-17  
CFR_IN  -1.38778e-17  -1.38778e-17  -1.38778e-17  -1.38778e-17  -1.38778e-17  -1.38778e-17  -1.38778e-17  -1.38778e-17  -1.38778e-17  -1.38778e-17  
A-CFR_IN  -1.38778e-17  -1.38778e-17  -1.38778e-17  -1.38778e-17  -1.38778e-17  -1.38778e-17  -1.38778e-17  -1.38778e-17  -1.38778e-17  -1.38778e-17  
BPS-CFR  -1.38778e-17  -1.38778e-17  -1.38778e-17  -1.38778e-17  -1.38778e-17  -1.38778e-17  -1.38778e-17  -1.38778e-17  -1.38778e-17  -1.38778e-17  
TIPS-CFR  -1.38778e-17  -1.38778e-17  -1.38778e-17  -1.38778e-17  -1.38778e-17  -1.38778e-17  -1.38778e-17  -1.38778e-17  -1.38778e-17  -1.38778e-17  
IPS-CFR  -1.38778e-17  -1.38778e-17  -1.38778e-17  -1.38778e-17  -1.38778e-17  -1.38778e-17  -1.38778e-17  -1.38778e-17  -1.38778e-17  -1.38778e-17  
PI  -1.38778e-17  -1.38778e-17  -1.38778e-17  -1.38778e-17  -1.38778e-17  -1.38778e-17  -1.38778e-17  -1.38778e-17  -1.38778e-17  -1.38778e-17  
greed_punisher  -1.38778e-17  -1.38778e-17  -1.38778e-17  -1.38778e-17  -1.38778e-17  -1.38778e-17  -1.38778e-17  -1.38778e-17  -1.38778e-17  -1.38778e-17  
FP  -1.38778e-17  -1.38778e-17  -1.38778e-17  -1.38778e-17  -1.38778e-17  -1.38778e-17  -1.38778e-17  -1.38778e-17  -1.38778e-17  -1.38778e-17  
t = 1
CFR  5.55112e-17  5.55112e-17  6.245e-16  6.245e-16  6.245e-16  6.245e-16  6.245e-16  -0.138889  -0.361111  -0.138889  
A-CFR  5.55112e-17  5.55112e-17  6.245e-16  6.245e-16  6.245e-16  6.245e-16  6.245e-16  -0.138889  -0.361111  -0.138889  
CFR_IN  1.66533e-16  1.66533e-16  2.91434e-16  2.91434e-16  2.91434e-16  2.91434e-16  2.91434e-16  -0.138889  -0.361111  -0.138889  
A-CFR_IN  1.66533e-16  1.66533e-16  2.91434e-16  2.91434e-16  2.91434e-16  2.91434e-16  2.91434e-16  -0.138889  -0.361111  -0.138889  
BPS-CFR  1.66533e-16  1.66533e-16  2.77556e-16  2.77556e-16  2.77556e-16  2.77556e-16  2.77556e-16  -0.138889  -0.361111  -0.138889  
TIPS-CFR  1.66533e-16  1.66533e-16  2.77556e-16  2.77556e-16  2.77556e-16  2.77556e-16  2.77556e-16  -0.138889  -0.361111  -0.138889  
IPS-CFR  1.66533e-16  1.66533e-16  2.77556e-16  2.77556e-16  2.77556e-16  2.77556e-16  2.77556e-16  -0.138889  -0.361111  -0.138889  
PI  0.125  0.125  0.125  0.125  0.125  0.125  0.125  4.16334e-17  -0.194444  4.16334e-17  
greed_punisher  0.305556  0.305556  0.305556  0.305556  0.305556  0.305556  0.305556  0.277778  -2.94903e-17  0.277778  
FP  0.125  0.125  0.125  0.125  0.125  0.125  0.125  4.16334e-17  -0.194444  4.16334e-17  
t = 2
CFR  9.71445e-17  0.00683594  2.77556e-16  0.00683594  0.000269333  -0.000283207  -0.000283207  0.13265  0.187537  -0.116808  
A-CFR  -0.00683594  8.32667e-17  -0.00683594  1.94289e-16  -0.0065666  -0.00711914  -0.00711914  0.141059  0.213413  -0.129123  
CFR_IN  8.32667e-17  0.00683594  1.52656e-16  0.00683594  0.000269333  -0.000283207  -0.000283207  -0.227593  0.204629  -0.0621202  
A-CFR_IN  -0.00683594  5.55112e-17  -0.00683594  1.38778e-16  -0.0065666  -0.00711914  -0.00711914  -0.231771  0.218869  -0.0744358  
BPS-CFR  -0.000269333  0.0065666  -0.000269333  0.0065666  1.11022e-16  -0.00055254  -0.00055254  -0.227681  0.204904  -0.0624369  
TIPS-CFR  0.000283207  0.00711914  0.000283207  0.00711914  0.00055254  8.32667e-17  8.32667e-17  -0.22753  0.206169  -0.0617772  
IPS-CFR  0.000283207  0.00711914  0.000283207  0.00711914  0.00055254  8.32667e-17  8.32667e-17  -0.22753  0.206169  -0.0617772  
PI  -0.0282898  -0.0218506  0.177609  0.181613  0.177687  0.177473  0.177473  -2.94903e-17  -2.42861e-17  0.0972222  
greed_punisher  -0.258833  -0.276355  -0.268157  -0.272607  -0.26813  -0.26895  -0.26895  -2.42861e-17  0  -0.263889  
FP  0.108758  0.119575  0.0540704  0.0648872  0.0543549  0.0537416  0.0537416  -0.0625  0.256944  -6.93889e-18  
t = 3
CFR  -1.38778e-17  0.018254  2.22045e-16  0.018254  0.000322477  -0.00247239  -0.00247239  -0.170241  0.411844  0.0728486  
A-CFR  -0.018254  0  -0.018254  1.66533e-16  -0.0179315  -0.0207264  -0.0207264  -0.148952  0.415631  0.0159703  
CFR_IN  -5.55112e-17  0.018254  1.94289e-16  0.018254  0.000322477  -0.00247239  -0.00247239  0.0552823  0.466071  0.0619903  
A-CFR_IN  -0.018254  4.16334e-17  -0.018254  2.91434e-16  -0.0179315  -0.0207264  -0.0207264  0.0451813  0.457026  0.0096851  
BPS-CFR  -0.000322477  0.0179315  -0.000322477  0.0179315  8.32667e-17  -0.00279486  -0.00279486  0.0552823  0.466014  0.0604748  
TIPS-CFR  0.00247239  0.0207264  0.00247239  0.0207264  0.00279486  1.52656e-16  1.52656e-16  0.0552823  0.464654  0.0624664  
IPS-CFR  0.00247239  0.0207264  0.00247239  0.0207264  0.00279486  1.52656e-16  1.52656e-16  0.0552823  0.464654  0.0624664  
PI  0.122988  0.114625  -0.0525551  -0.0424541  -0.0525551  -0.0525551  -0.0525551  -2.42861e-17  -0.430556  -0.0833333  
greed_punisher  -0.312307  -0.306345  -0.452752  -0.44311  -0.452776  -0.452128  -0.452128  0.645833  -3.00685e-17  -0.597222  
FP  -0.0721488  -0.017315  -0.0580366  -0.0079616  -0.057308  -0.0592135  -0.0592135  0.0833333  0.694444  -6.93889e-17  
t = 4
CFR  2.77556e-17  0.0276604  0.0120033  0.0351427  0.0124759  0.0128866  0.0128866  -0.022848  0.470857  0.13915  
A-CFR  -0.0266909  -3.46945e-18  -0.0233559  0.000193626  -0.0228862  -0.0235  -0.0235  -0.0100559  0.521491  0.0681596  
CFR_IN  -0.0126774  0.0259927  1.52656e-16  0.0343194  0.000594464  0.000222465  0.000222465  -0.184684  0.461806  0.129324  
A-CFR_IN  -0.0366091  -0.000254372  -0.0332188  2.11636e-16  -0.0326349  -0.0340336  -0.0340336  -0.194075  0.461806  0.0634798  
BPS-CFR  -0.0131417  0.025293  -0.000594464  0.0335222  1.54973e-16  -0.000392931  -0.000392931  -0.179881  0.461806  0.129324  
TIPS-CFR  -0.0135354  0.0263625  -0.000221832  0.0350495  0.000392496  1.15793e-16  1.34007e-16  -0.177699  0.461806  0.130031  
IPS-CFR  -0.0135354  0.0263625  -0.000221832  0.0350495  0.000392496  9.71445e-17  1.15793e-16  -0.177699  0.461806  0.130031  
PI  0.0246116  0.0121466  0.174267  0.173242  0.169054  0.167714  0.167714  0  -3.00685e-17  0.0833333  
greed_punisher  -0.385151  -0.331769  -0.479807  -0.479807  -0.479807  -0.479807  -0.479807  -3.00685e-17  0  -0.340278  
FP  -0.11849  -0.0669443  -0.107035  -0.0729126  -0.107035  -0.108158  -0.108158  -0.0694444  0.1875  -6.93889e-18  
t = 5
CFR  -5.0307e-17  0.0578171  -0.0101934  0.0513939  -0.0101359  -0.0119814  -0.0119814  -0.194444  0.278132  0.0277778  
A-CFR  -0.0548881  8.67362e-18  -0.0506923  0.00422273  -0.0504688  -0.0520169  -0.0520169  -0.216054  0.226075  0.0421811  
CFR_IN  0.00992052  0.0542841  1.49186e-16  0.0478157  -0.000163288  -0.000570143  -0.000570143  -0.14508  0.560136  0.0277778  
A-CFR_IN  -0.0492315  -0.00422103  -0.0447122  2.35922e-16  -0.0447182  -0.044632  -0.044632  -0.219444  0.560136  0.0891507  
BPS-CFR  0.00983754  0.0540153  0.000163841  0.0477495  1.2837e-16  -0.000382045  -0.000382045  -0.221916  0.560136  0.0277778  
TIPS-CFR  0.0117195  0.0553561  0.00057082  0.0476293  0.000381612  1.97758e-16  1.9082e-16  -0.223416  0.560136  0.0277778  
IPS-CFR  0.0117195  0.0553561  0.00057082  0.0476293  0.000381612  1.97758e-16  1.94289e-16  -0.223416  0.560136  0.0277778  
PI  0.180556  0.196514  0.14508  0.217708  0.221916  0.223416  0.223416  6.93889e-17  -0.493056  0.0555556  
greed_punisher  -0.366991  -0.291752  -0.446999  -0.446999  -0.446999  -0.446999  -0.446999  0.625  4.16334e-17  -0.402778  
FP  -0.0277778  -0.0421811  -0.0277778  -0.0794195  -0.0277778  -0.0277778  -0.0277778  -0.0555556  0.395833  -9.25186e-18  
t = 6
CFR  5.55112e-17  -0.00151565  -0.0128183  -0.0115557  -0.012478  -0.0139399  -0.0139399  -0.14108  0.558443  -0.0701045  
A-CFR  0.00151565  1.04083e-16  -0.0114678  -0.0132551  -0.011153  -0.0123579  -0.0123579  -0.0909964  0.427032  0.0560547  
CFR_IN  0.0128183  0.0114678  1.59595e-16  0.000335725  0.000285003  -0.000215185  -0.000215185  -0.132735  0.619879  -0.0516627  
A-CFR_IN  0.0115557  0.0131625  -0.000335725  8.67362e-17  -2.84928e-05  -0.000836606  -0.000836606  -0.0274619  0.619879  0.0395671  
BPS-CFR  0.012478  0.011153  -0.000285003  2.84928e-05  8.76035e-17  -0.000525279  -0.000525279  -0.0530346  0.619879  -0.0502808  
TIPS-CFR  0.0139399  0.0123579  0.000215185  0.000836606  0.000525279  1.56125e-16  -0.0198823  -0.0534694  0.619879  -0.0502733  
IPS-CFR  0.0139399  0.0123579  0.000215185  0.000836606  0.000525279  0.0198823  1.66533e-16  -0.0534694  0.619879  -0.0502733  
PI  0.137503  0.0918307  0.132994  0.0399837  0.0546889  0.0550014  0.0550014  -3.00685e-17  1.38778e-16  -0.138889  
greed_punisher  -0.364228  -0.414783  -0.460666  -0.460666  -0.460666  -0.460666  -0.460666  1.38778e-16  0  -0.263889  
FP  0.0701045  -0.0560547  0.0516627  -0.0395671  0.0502808  0.0502733  0.0502733  0.222222  0.340278  -9.25186e-18  
t = 7
CFR  -3.1225e-17  -0.0180748  0.000407939  -0.0217255  -0.0126208  -0.0115731  -0.0115731  -0.0258041  0.698078  -0.038415  
A-CFR  0.0180748  5.37764e-17  0.0213189  -0.00235759  0.011432  0.0132776  0.0132776  -0.00722153  0.662881  0.0243997  
CFR_IN  -0.000407939  -0.0213189  6.93889e-17  -0.0256576  -0.0158012  -0.0155089  -0.0155089  -0.0755048  0.598264  -0.0377981  
A-CFR_IN  0.0217255  0.00235759  0.0256576  8.84709e-17  0.0162728  0.0156499  0.0156499  -0.057921  0.577431  -0.0316451  
BPS-CFR  0.0126208  -0.011432  0.0158012  -0.0162728  1.59595e-16  0.000373822  0.000373822  -0.0707542  0.598264  -0.0343762  
TIPS-CFR  0.0115731  -0.0132776  0.0155089  -0.0156499  -0.000373822  1.2013e-16  0.0142511  -0.0715591  0.598264  -0.0344887  
IPS-CFR  0.0115731  -0.0132776  0.0155089  -0.0156499  -0.000373822  -0.0142511  6.76542e-17  -0.0715591  0.598264  -0.0344887  
PI  0.0376416  0.0201393  0.0673635  0.0374781  0.0577993  0.0573086  0.0573086  2.77556e-17  -0.295139  0.208333  
greed_punisher  -0.437005  -0.494818  -0.509083  -0.509083  -0.509083  -0.509083  -0.509083  0.458333  1.9082e-17  -0.333333  
FP  0.038415  -0.0243997  0.0377981  0.0316451  0.0343762  0.0344887  0.0344887  -0.170139  0.305556  -9.25186e-17  
t = 8
CFR  0  -0.0533144  0.000305053  -0.0507954  -0.0448208  -0.0443845  -0.0443845  -0.235409  0.616949  -0.024736  
A-CFR  0.0533144  -6.93889e-18  0.0495018  -1.59545e-05  0.0102205  0.0111659  0.0111659  -0.310793  0.684972  0.0444623  
CFR_IN  -0.000305053  -0.0495018  1.11022e-16  -0.0475294  -0.0435918  -0.043108  -0.043108  -0.199203  0.610585  -0.0189537  
A-CFR_IN  0.0507954  1.59545e-05  0.0475294  9.36751e-17  0.00750761  0.0068307  0.0068307  -0.29688  0.588594  -0.0219159  
BPS-CFR  0.0448208  -0.0102205  0.0435918  -0.00750761  1.47451e-16  0.00045903  0.00045903  -0.272396  0.610585  -0.0115988  
TIPS-CFR  0.0443845  -0.0111659  0.043108  -0.0068307  -0.00045903  1.94289e-16  0.0211104  -0.272784  0.610585  -0.0122884  
IPS-CFR  0.0443845  -0.0111659  0.043108  -0.0068307  -0.00045903  -0.0211104  1.94289e-16  -0.272784  0.610585  -0.0122884  
PI  0.208205  0.278434  0.186964  0.274642  0.248106  0.247646  0.247646  0  0  0.0381944  
greed_punisher  -0.494067  -0.496991  -0.510455  -0.510455  -0.510455  -0.510455  -0.510455  0  -5.55112e-17  -0.402778  
FP  0.024736  -0.0444623  0.0189537  0.0219159  0.0115988  0.0122884  0.0122884  0.0138889  0.4375  -4.16334e-17  
t = 9
CFR  -8.67362e-18  -0.0744419  -0.00468781  -0.0773523  -0.0656222  -0.0645761  -0.0645761  -0.117568  0.672574  -0.0394532  
A-CFR  0.0744419  1.38778e-17  0.0693605  -0.00463218  0.00999495  0.0109643  0.0109643  -0.0852558  0.70841  -0.0564236  
CFR_IN  0.00468781  -0.0693605  2.08167e-16  -0.0707544  -0.0605823  -0.0599929  -0.0599929  -0.0561078  0.113598  -0.0407041  
A-CFR_IN  0.0773523  0.00463218  0.0707544  1.80411e-16  0.00605924  0.00599681  0.00599681  -0.0251988  0.20719  -0.0174942  
BPS-CFR  0.0656222  -0.00999495  0.0605823  -0.00605924  1.38778e-16  0.000461918  0.000461918  -0.00372833  0.113598  -0.0247279  
TIPS-CFR  0.0645761  -0.0109643  0.0599929  -0.00599681  -0.000461918  1.52656e-16  -0.0245183  -0.00743175  0.113598  -0.0263621  
IPS-CFR  0.0645761  -0.0109643  0.0599929  -0.00599681  -0.000461918  0.0245028  2.08167e-16  -0.00743175  0.113598  -0.0263621  
PI  0.117382  0.0957429  0.048894  0.0385604  0.0144141  0.0167457  0.0167457  1.38778e-16  -0.375  -0.0555556  
greed_punisher  -0.503076  -0.50151  -0.0836867  -0.076508  -0.0836867  -0.0836867  -0.0836867  0.364583  1.38778e-16  -0.409722  
FP  0.0394532  0.0564236  0.0407041  0.0174942  0.0247279  0.0263621  0.0263621  0.145833  0.652778  -4.62593e-17  
t = 10
CFR  4.85723e-17  0.0619657  -0.00874725  0.0747669  0.0845494  0.0850995  0.0850995  -0.116484  0.695882  -0.00971022  
A-CFR  -0.0619657  -1.38778e-17  -0.0523101  0.0180588  0.0353398  0.0351343  0.0351343  -0.0654818  0.10598  -0.119931  
CFR_IN  0.00874725  0.0523101  1.59595e-16  0.0711309  0.0832102  0.0837281  0.0837281  -0.144787  0.139855  -0.0116895  
A-CFR_IN  -0.0747669  -0.0180068  -0.0711309  1.66533e-16  -0.0807665  -0.0789961  -0.0789961  -0.0919366  0.235597  0.0241022  
BPS-CFR  -0.0845494  -0.0353398  -0.0832102  0.0807665  1.66533e-16  7.31081e-05  7.31081e-05  -0.113972  0.139855  0.030598  
TIPS-CFR  -0.0850995  -0.0351343  -0.0837281  0.0789961  -7.31081e-05  2.498e-16  -0.0822977  -0.11322  0.139855  0.0263686  
IPS-CFR  -0.0850995  -0.0351343  -0.0837281  0.0789961  -7.31081e-05  0.0822977  1.73472e-16  -0.11322  0.139855  0.0263686  
PI  0.10687  0.0480841  0.13279  0.0964482  0.1139  0.112643  0.112643  4.16334e-17  -5.55112e-17  0.104167  
greed_punisher  -0.505675  0.00406936  -0.148076  -0.128529  -0.148076  -0.148076  -0.148076  -5.55112e-17  -5.55112e-17  -0.4375  
FP  0.00971022  0.119931  0.0116895  -0.0241022  -0.030598  -0.0263686  -0.0263686  -0.0833333  0.5625  -4.62593e-17  
t = 11
CFR  -6.93889e-17  0.0435875  -0.020691  0.0239397  0.0368841  0.0391946  0.0391946  -0.00142986  0.085765  0.0916113  
A-CFR  -0.0435875  5.55112e-17  -0.0599344  -0.0112162  -0.00369612  -0.00125614  -0.00125614  0.0669914  0.169704  0.0782977  
CFR_IN  0.020691  0.0599344  2.01228e-16  0.0489903  0.0672215  0.0704296  0.0704296  -0.078624  0.134703  0.104398  
A-CFR_IN  -0.0239397  0.0112162  -0.0489903  1.66533e-16  0.0896957  0.0903196  0.0903196  -0.0440219  0.257446  0.124669  
BPS-CFR  -0.0368841  0.00369612  -0.0672215  -0.0896957  1.52656e-16  0.00372788  0.00372788  -0.0542047  0.134703  0.164186  
TIPS-CFR  -0.0391946  0.00125614  -0.0704296  -0.0903196  -0.00372788  2.08167e-16  -0.0099665  -0.0544405  0.134703  0.163464  
IPS-CFR  -0.0391946  0.00125614  -0.0704296  -0.0903196  -0.00372788  0.0099665  2.22045e-16  -0.0544405  0.134703  0.163464  
PI  0.00379169  -0.0815777  0.0754607  0.0453365  0.0535301  0.0535995  0.0535995  2.08167e-17  -0.548611  -0.1875  
greed_punisher  0.0730594  -0.035541  -0.275808  -0.170219  -0.275808  -0.275808  -0.275808  0.902778  4.16334e-17  -0.444444  
FP  -0.0916113  -0.0782977  -0.104398  -0.124669  -0.164186  -0.163464  -0.163464  0.111111  0.590278  1.66533e-16  
t = 12
CFR  -7.63278e-17  -0.0411349  0.0149121  -0.0428092  -0.0379912  -0.0371118  -0.0371118  -0.0907003  0.0395934  0.111111  
A-CFR  0.0411349  0  0.0251606  0.00919706  -0.00156913  -0.00122337  -0.00122337  0.0030133  0.309424  0.176252  
CFR_IN  -0.0149121  -0.0251606  1.98626e-16  -0.0218426  -0.0290299  -0.0318544  -0.0318544  -0.108363  0.213971  0.109874  
A-CFR_IN  0.0428092  -0.00919706  0.0218426  1.04083e-16  0.0387674  0.0394372  0.0394372  -0.107236  0.114456  0.156102  
BPS-CFR  0.0379912  0.00156913  0.0290299  -0.0387674  3.05311e-16  0.00127719  0.00127719  -0.0821446  0.213971  0.166667  
TIPS-CFR  0.0371118  0.00122337  0.0318544  -0.0394372  -0.00127719  1.34441e-16  0.139957  -0.0832206  0.213971  0.166667  
IPS-CFR  0.0371118  0.00122337  0.0318544  -0.0394372  -0.00127719  -0.139957  2.498e-16  -0.0832206  0.213971  0.166667  
PI  0.0907003  -0.0192972  0.108363  0.106232  0.0821446  0.0832206  0.0832206  0  1.38778e-16  0.111111  
greed_punisher  0.0753523  -0.0787258  -0.341221  -0.121149  -0.341221  -0.341221  -0.341221  1.38778e-16  -5.55112e-17  -0.465278  
FP  -0.111111  -0.176252  -0.109874  -0.156102  -0.166667  -0.166667  -0.166667  -0.0798611  0.715278  1.66533e-16  
t = 13
CFR  -4.16334e-17  -0.0257865  0.16666  -0.0209282  -0.0278449  -0.0280257  -0.0280257  -0.0922537  0.159722  -0.0555556  
A-CFR  0.039838  0  0.177801  0.00679902  -0.0668125  -0.0679093  -0.0679093  -0.131269  0.329645  -0.028934  
CFR_IN  -0.16666  -0.166524  1.94289e-16  -0.156555  -0.179575  -0.182471  -0.182471  -0.0515781  0.221457  -0.0555556  
A-CFR_IN  0.0336148  -0.00679902  0.169186  1.11022e-16  -0.0499698  -0.0541885  -0.0541885  -0.0126096  0.125802  -0.222222  
BPS-CFR  0.0278449  0.0668125  0.179582  0.0499698  1.73472e-16  -0.00588636  -0.00588636  -0.032655  0.221457  -0.166667  
TIPS-CFR  0.0280257  0.0679093  0.182481  0.0541885  0.00588636  1.45717e-16  0.0392968  -0.0338558  0.221457  -0.0833333  
IPS-CFR  0.0280257  0.0679093  0.182481  0.0541885  0.00588636  -0.0392968  2.25514e-16  -0.0338558  0.221457  -0.0833333  
PI  0.0749363  0.127364  0.0509278  0.0136843  0.0322533  0.0333091  0.0333091  -1.11022e-16  -0.569444  0.0347222  
greed_punisher  0.0347222  -0.0645556  -0.359634  -0.132002  -0.359634  -0.359634  -0.359634  1.18056  4.16334e-17  -0.423611  
FP  0.0555556  0.00694307  0.0555556  0.277778  0.166667  0.0833333  0.0833333  0.0173611  0.673611  3.1225e-17  
t = 14
CFR  -2.77556e-17  -0.0254573  0.032804  -0.0290539  -0.0905021  -0.101791  -0.101791  0.0173658  0.165833  -0.0358796  
A-CFR  0.0600437  0  0.202405  -0.011424  -0.0308734  -0.0395566  -0.0395566  -0.160266  0.349137  -0.0808133  
CFR_IN  -0.032804  -0.171992  1.66533e-16  -0.177083  -0.174029  -0.163555  -0.163555  -0.137692  0.222222  -0.0358796  
A-CFR_IN  0.0619963  0.0114855  0.205876  1.11022e-16  -0.0459503  -0.0495888  -0.0495888  -0.192342  0.131944  -0.152122  
BPS-CFR  0.0906977  0.0292416  0.174029  0.0459503  1.73472e-16  -0.00162695  -0.00162695  -0.147404  0.222222  -0.147315  
TIPS-CFR  0.10201  0.0377762  0.163555  0.0495888  0.00162611  1.66533e-16  0.0189463  -0.139314  0.222222  -0.198198  
IPS-CFR  0.10201  0.0377762  0.163555  0.0495888  0.00162611  -0.0190626  2.15106e-16  -0.139314  0.222222  -0.198198  
PI  -0.0165799  0.196063  0.118107  0.180742  0.15702  0.152598  0.152598  1.9082e-17  -6.93889e-17  0.163194  
greed_punisher  0.0176118  -0.0921627  -0.360782  -0.131944  -0.360782  -0.360782  -0.360782  -6.93889e-17  6.41848e-17  -0.423611  
FP  0.0358796  0.046186  0.0358796  0.227493  0.210287  0.277778  0.277778  -0.104167  0.673611  1.38778e-16  
t = 15
CFR  1.38778e-16  -0.174787  -0.15029  -0.168717  -0.190952  -0.193161  -0.193161  0.158745  0.170718  -0.18287  
A-CFR  0.216454  -1.38778e-17  0.00788226  -0.00174374  0.0382124  0.0312896  0.0312896  0.0445369  0.309977  -0.0665805  
CFR_IN  0.15029  -0.0114005  1.73472e-16  -0.0263718  -0.0472104  -0.0455431  -0.0455431  0.0102652  0.222222  -0.18287  
A-CFR_IN  0.210384  0.00174374  0.0237735  1.11022e-16  -0.0177428  -0.0215312  -0.0215312  0.0458097  0.131944  0.0279379  
BPS-CFR  0.210511  -0.05506  0.0519781  0.0101772  1.38778e-16  -0.00141367  -0.00141367  0.0414446  0.222222  -0.16195  
TIPS-CFR  0.213018  -0.0484906  0.0494903  0.013449  0.00141367  1.52656e-16  -0.0608173  0.0262221  0.222222  -0.183514  
IPS-CFR  0.213018  -0.0484906  0.0494903  0.013449  0.00141367  0.061775  1.52656e-16  0.0262221  0.222222  -0.183514  
PI  -0.105228  0.0196047  -0.025496  -0.0327992  -0.0147971  -0.0156347  -0.0156347  -5.55112e-17  -0.246528  0.145833  
greed_punisher  0.00393302  -0.138876  -0.360782  -0.131944  -0.360782  -0.360782  -0.360782  0.375  -1.38778e-17  -0.430556  
FP  0.175347  0.0943582  0.175347  0.0407527  0.231375  0.266848  0.266848  -0.0902778  0.701389  -2.77556e-17  
t = 16
CFR  -1.38778e-17  -0.151793  -0.106581  -0.155132  -0.0994442  -0.0986679  -0.0986679  -0.16795  0.200837  -0.166667  
A-CFR  0.164143  1.38778e-17  -0.120596  -0.0197226  -0.0129525  -0.0185802  -0.0185802  -0.0872705  0.31813  0.0833333  
CFR_IN  0.106581  0.118041  3.72966e-17  0.107357  0.0892123  0.0836425  0.0836425  -0.0143148  0.241365  -0.166667  
A-CFR_IN  0.166436  0.0197226  -0.109591  1.11022e-16  -0.0532367  -0.0587032  -0.0587032  -0.0210548  0.131944  0.166704  
BPS-CFR  0.109667  -0.00975076  -0.0677621  0.0429661  1.66533e-16  -0.00379492  -0.00379492  -0.00495726  0.241508  0.055926  
TIPS-CFR  0.110809  -0.00555338  -0.0647309  0.0479394  0.00375216  2.08167e-16  -0.073439  -0.00600065  0.238474  0.0259157  
IPS-CFR  0.110809  -0.00555338  -0.0647309  0.0479394  0.00375216  0.0726157  8.32667e-17  -0.00600065  0.238474  0.0259157  
PI  0.155986  0.0797485  0.0138673  0.00846683  0.00752817  0.00861206  0.00861206  -5.55112e-17  -5.55112e-17  -0.0972222  
greed_punisher  -0.0724556  -0.15533  -0.403853  -0.131944  -0.404176  -0.397349  -0.397349  -5.55112e-17  2.77556e-17  -0.458333  
FP  0.168403  -0.0555556  0.168403  -0.105483  0.0127651  0.0453076  0.0453076  0.1875  0.729167  3.46945e-17  
t = 17
CFR  3.72966e-17  0.0133075  -0.0394193  0.00934668  0.0555443  0.0533176  0.0533176  -0.108599  0.266729  -0.0089496  
A-CFR  -0.039189  -1.38778e-17  -0.133235  2.498e-16  -0.0198446  -0.0162114  -0.0162114  -0.0775692  0.343683  0.00591017  
CFR_IN  0.0394193  0.171935  2.01228e-16  0.176417  0.185269  0.169362  0.169362  -0.0609374  0.267494  -0.0533219  
A-CFR_IN  -0.0316429  -6.93889e-17  -0.14079  1.80411e-16  -0.0646268  -0.0560992  -0.0560992  -0.0814599  0.135299  0.0951527  
BPS-CFR  -0.0526783  0.0099932  -0.143381  0.066042  2.08167e-17  -0.0117629  -0.0117629  -0.0444093  0.267617  0.125038  
TIPS-CFR  -0.0496581  0.00426365  -0.135255  0.0574693  0.0117629  2.01228e-16  -0.0444955  -0.0453819  0.26617  0.107209  
IPS-CFR  -0.0496581  0.00426365  -0.135255  0.0574693  0.0117629  0.0431741  1.21431e-16  -0.0453819  0.26617  0.107209  
PI  0.102009  0.0780782  0.0622373  0.0809466  0.0448462  0.045881  0.045881  -6.93889e-17  -0.4375  0.0555556  
greed_punisher  -0.055428  -0.199041  -0.462644  -0.14117  -0.462921  -0.459665  -0.459665  0.378472  1.38778e-17  0.0347222  
FP  0.0058029  0.00797872  0.0584824  -0.0673749  -0.0664229  -0.0461847  -0.0461847  -0.0555556  0.159722  -2.77556e-17  
t = 18
CFR  0  0.155464  -0.0166614  0.165211  0.147309  0.139933  0.139933  -0.0612466  0.279734  0.0721808  
A-CFR  -0.130126  1.38778e-17  -0.00941027  -0.013711  0.128913  0.130203  0.130203  -0.126166  0.275258  -0.0821599  
CFR_IN  0.0166614  0.0549327  2.15106e-16  0.0923561  0.201122  0.189872  0.189872  -0.138841  0.059592  0.0749864  
A-CFR_IN  -0.13021  0.0136738  -0.0476023  1.52656e-16  0.100387  0.110102  0.110102  -0.0773965  0.154636  -0.00936845  
BPS-CFR  -0.120666  -0.146021  -0.147723  -0.116076  1.02349e-16  0.0142173  0.0142173  -0.093359  0.0598053  0.208091  
TIPS-CFR  -0.117117  -0.147502  -0.14358  -0.128693  -0.014985  2.04697e-16  -0.0313043  -0.0996117  0.0578015  0.194565  
IPS-CFR  -0.117117  -0.147502  -0.14358  -0.128693  -0.014985  0.0309492  2.19876e-16  -0.0996117  0.0578015  0.194565  
PI  0.0609258  0.12095  0.129593  0.073541  0.0899298  0.0962324  0.0962324  1.38778e-16  5.55112e-17  -0.138889  
greed_punisher  -0.088031  -0.187508  -0.376778  -0.171597  -0.377258  -0.37275  -0.37275  5.55112e-17  2.77556e-17  0.0347222  
FP  -0.0999746  0.0821599  -0.102673  0.0170663  -0.166378  -0.154886  -0.154886  0.138889  0.159722  -4.16334e-17  
t = 19
CFR  -2.08167e-17  0.182338  -0.0251017  0.232817  0.210842  0.201298  0.201298  -0.103281  0.295279  0.118132  
A-CFR  -0.116422  -4.16334e-17  0.0729639  -0.0165051  0.0697026  0.0740125  0.0740125  -0.0869685  0.300127  -0.0122423  
CFR_IN  0.0214231  -0.0559984  9.71445e-17  -0.0871408  0.124793  0.141759  0.141759  -0.00219516  0.191152  0.0471488  
A-CFR_IN  -0.161369  0.0190046  0.0951575  1.45717e-16  0.0984245  0.0908444  0.0908444  -0.021978  0.17585  0.0629246  
BPS-CFR  -0.158332  -0.0776758  -0.0886999  -0.105935  1.249e-16  0.0345096  0.0345096  -0.0348097  0.191152  0.0641594  
TIPS-CFR  -0.155669  -0.0825844  -0.106358  -0.0977091  -0.0345096  1.66533e-16  -0.0241356  -0.0440517  0.191152  0.0641594  
IPS-CFR  -0.155669  -0.0825844  -0.106358  -0.0977091  -0.0345096  0.0241356  1.249e-16  -0.0440517  0.191152  0.0641594  
PI  0.10523  0.0846507  0.00814311  0.0198636  0.0349274  0.0427431  0.0427431  0  -0.576389  0.180556  
greed_punisher  -0.127406  -0.208989  -0.505208  -0.200263  -0.505208  -0.505208  -0.505208  1.04167  1.38778e-17  -0.1875  
FP  -0.162767  0.0122423  -0.025409  -0.0431779  -0.0442069  -0.0442069  -0.0442069  -0.145833  0.256944  -4.16334e-17  
t = 20
CFR  1.38778e-17  0.0494647  0.0384988  0.0938419  0.229822  0.222113  0.222113  -0.00760794  0.311203  0.00497611  
A-CFR  0.0106997  -1.38778e-17  0.0239277  0.00954352  0.0327732  0.0336172  0.0336172  -0.0821125  0.326214  -4.16334e-17  
CFR_IN  -0.0458095  -0.0259677  1.73472e-16  -0.0369998  -0.0730488  -0.0550809  -0.0550809  -0.0628238  0.490585  0.0162529  
A-CFR_IN  -0.0265121  -0.00723895  0.0328466  1.66533e-16  0.041738  0.0388082  0.0388082  -0.103586  0.0607203  0.0555556  
BPS-CFR  -0.159839  -0.0311179  0.0767197  -0.0357724  5.55112e-17  -0.0239904  -0.0239904  -0.081657  0.490585  0.111111  
TIPS-CFR  -0.158649  -0.0325596  0.0608279  -0.0331927  0.0239904  1.80411e-16  0.0264822  -0.0492787  0.490585  0.111111  
IPS-CFR  -0.158649  -0.0325596  0.0608279  -0.0331927  0.0239904  -0.0264822  1.11022e-16  -0.0492787  0.490585  0.111111  
PI  0.0210649  0.0753399  0.0589451  0.11287  0.101675  0.0627369  0.0627369  -5.55112e-17  -1.38778e-17  -0.0347222  
greed_punisher  -0.164629  -0.22304  -0.593511  -0.0775811  -0.593511  -0.593511  -0.593511  -1.38778e-17  2.77556e-17  -0.180556  
FP  -0.00249912  -4.16334e-17  -0.013948  -0.0277778  -0.0833333  -0.0833333  -0.0833333  0.0972222  0.302083  -4.16334e-17  
t = 21
CFR  -3.46945e-17  0.0418033  0.124835  -0.00776727  0.122852  0.137856  0.137856  -0.127429  0.332121  -0.0413652  
A-CFR  -0.0128159  -5.55112e-17  0.00676792  0.0221635  0.0068994  0.00617093  0.00617093  -0.0545148  0.328859  0.0025007  
CFR_IN  -0.127197  -0.00831688  1.59595e-16  -0.0106324  -0.0657908  -0.0983929  -0.0983929  -0.0487317  0.562807  0.00138889  
A-CFR_IN  0.0393268  -0.022256  0.00872815  1.94289e-16  0.00962815  0.0149654  0.0149654  -0.0286158  0.0822185  0.117854  
BPS-CFR  -0.0830585  -0.000577622  0.0565906  -0.000276669  9.71445e-17  -0.0162111  -0.0162111  0.00189636  0.562807  0.0580972  
TIPS-CFR  -0.0972475  -0.000151469  0.0843943  -0.00450184  0.0162111  2.08167e-16  0.0227835  -0.0228136  0.562807  0.03636  
IPS-CFR  -0.0972475  -0.000151469  0.0843943  -0.00450184  0.0162111  -0.0227835  1.249e-16  -0.0228136  0.562807  0.03636  
PI  0.106821  0.0536954  0.0732004  -0.00355831  0.0322214  0.0543056  0.0543056  -6.93889e-17  -0.361111  0.0277778  
greed_punisher  -0.199425  -0.244116  -0.619586  -0.113329  -0.619586  -0.619586  -0.619586  0.798611  1.38778e-17  -0.180556  
FP  0.0332566  -0.00125035  -0.00138889  -0.090076  -0.039877  -0.01818  -0.01818  -0.00347222  0.302083  -6.93889e-18  
t = 22
CFR  4.68375e-17  0.0675151  0.0791415  0.0335358  -0.0620832  -0.051602  -0.051602  -0.0573279  0.265424  -0.0193012  
A-CFR  -0.0545942  -2.77556e-17  1.94289e-16  0.0607087  -0.0125299  -0.00880258  -0.00880258  -0.0552481  0.314837  -0.0443107  
CFR_IN  -0.0791415  -1.249e-16  2.08167e-16  2.08167e-16  -0.0235887  -0.037706  -0.037706  0.0072394  0.648256  0.0332786  
A-CFR_IN  -0.0226184  -0.0610547  2.22045e-16  1.94289e-16  -0.022485  -0.00856014  -0.00856014  -0.0140136  0.0881229  0.138889  
BPS-CFR  0.0709017  0.0186221  0.0196573  0.0271873  2.08167e-16  -0.00560258  -0.00560258  0.00632346  0.648001  0.121051  
TIPS-CFR  0.0602845  0.0156271  0.0315918  0.0141873  0.00560258  2.22045e-16  0.0320579  -0.0048775  0.650271  0.101017  
IPS-CFR  0.0602845  0.0156271  0.0315918  0.0141873  0.00560258  -0.0320579  1.80411e-16  -0.0048775  0.650271  0.101017  
PI  0.0473616  0.0560842  0.0152723  0.0217915  0.00754784  0.00831415  0.00831415  4.16334e-17  0  0.152778  
greed_punisher  -0.19379  -0.294571  -0.622458  -0.119972  -0.622345  -0.623354  -0.623354  0  2.77556e-17  -0.180556  
FP  0.0108135  0.0499332  -0.0303292  -0.111111  -0.0985576  -0.0784805  -0.0784805  -0.166667  0.302083  -6.93889e-18  
t = 23
CFR  -9.71445e-17  0.0352288  0.0292545  0.022246  -0.0518543  -0.0663266  -0.0663266  -0.0201719  0.277919  0.0794121  
A-CFR  -0.0311153  1.38778e-17  1.94289e-16  0.0182039  -0.0514631  -0.0441644  -0.0441644  -0.0398166  0.359872  -0.0392549  
CFR_IN  -0.0292545  -1.249e-16  2.08167e-16  2.08167e-16  1.52656e-16  1.66533e-16  2.22045e-16  0.00301843  0.72106  0.100785  
A-CFR_IN  -0.0198119  -0.0174781  2.22045e-16  2.22045e-16  -0.0812744  -0.0848154  -0.0848154  -0.0932078  0.218982  -0.0555556  
BPS-CFR  0.0490859  0.0549584  2.91434e-16  0.0812744  1.52656e-16  -0.00263297  -0.00263297  -0.0563509  0.720965  -0.0568654  
TIPS-CFR  0.0600947  0.0482103  2.91434e-16  0.0856759  0.00263297  1.94289e-16  0.0333314  -0.0447894  0.722002  0.137689  
IPS-CFR  0.0600947  0.0482103  2.35922e-16  0.0856759  0.00263297  -0.0333314  2.22045e-16  -0.0447894  0.722002  0.137689  
PI  0.0254967  0.0416121  -0.00211563  0.0909863  0.0562717  0.0448146  0.0448146  -5.55112e-17  -0.444444  -0.194444  
greed_punisher  -0.208413  -0.317089  -0.641141  -0.222128  -0.6411  -0.641538  -0.641538  0.409722  1.38778e-17  -0.180556  
FP  -0.0733066  0.0474052  -0.0867004  0.0555556  0.0562105  -0.110511  -0.110511  0.166667  0.302083  -6.93889e-18  
t = 24
CFR  -4.16334e-17  0.00907162  -3.04406e-06  0.00783354  -0.0296985  -0.0340069  -0.0340069  -0.0493945  0.29389  0.103942  
A-CFR  -0.00907162  -4.16334e-17  -0.0124866  -0.0365923  -0.11873  -0.116893  -0.116893  -0.044464  0.386188  -0.0249736  
CFR_IN  3.04406e-06  0.0124866  2.08167e-16  0.0162647  1.52656e-16  1.66533e-16  1.52656e-16  -0.0958096  0.587598  0.130181  
A-CFR_IN  -0.00783354  0.0365923  -0.0162647  1.80411e-16  -0.0673039  -0.0749335  -0.0749335  -0.0286759  0.462862  -0.0555556  
BPS-CFR  0.0284789  0.11873  2.91434e-16  0.0673039  2.08167e-16  -0.00265925  -0.00265925  -0.0795037  0.587531  -0.0555556  
TIPS-CFR  0.0337411  0.116893  2.91434e-16  0.0749335  0.00265925  1.66533e-16  0.0231713  -0.0714178  0.58838  -0.0555556  
IPS-CFR  0.0337411  0.116893  2.63678e-16  0.0749335  0.00265925  -0.0231713  2.35922e-16  -0.0714178  0.58838  -0.0555556  
PI  0.0442145  0.0403021  0.0956818  0.0291666  0.0754215  0.0682149  0.0682149  -5.55112e-17  2.77556e-17  0.194444  
greed_punisher  -0.228622  -0.330247  -0.543433  -0.390339  -0.543406  -0.543745  -0.543745  2.77556e-17  2.77556e-17  -0.180556  
FP  -0.0885982  0.0402646  -0.105306  0.0555556  0.0555556  0.0555556  0.0555556  -0.0625  0.302083  -6.93889e-18  
t = 25
CFR  -4.16334e-17  0.00692886  -0.0104369  0.00593733  -0.00654899  -0.007374  -0.007374  -0.0231504  0.274485  0.0373194  
A-CFR  -0.00692886  -2.77556e-17  -0.0287239  -0.0424572  -0.098372  -0.0996263  -0.0996263  0.0817452  0.392361  -0.00858063  
CFR_IN  0.0104369  0.0287239  2.08167e-16  0.0299983  1.52656e-16  1.66533e-16  2.22045e-16  -0.0399647  0.630192  -0.0555556  
A-CFR_IN  -0.00593733  0.0424572  -0.0299983  2.22045e-16  -0.0340809  -0.0563252  -0.0563252  -0.0568327  0.532164  -0.0530549  
BPS-CFR  0.013098  0.098372  2.91434e-16  0.0340809  2.01228e-16  -0.0022925  -0.0022925  -0.00384766  0.630132  -0.0555556  
TIPS-CFR  0.014748  0.0996263  2.91434e-16  0.0563252  0.0022925  2.01228e-16  0.0236654  -0.0317438  0.631046  -0.0555556  
IPS-CFR  0.014748  0.0996263  2.35922e-16  0.0563252  0.0022925  -0.0236654  2.56739e-16  -0.0317438  0.631046  -0.0555556  
PI  0.0230008  -0.0412877  0.0404677  0.0500035  0.00631214  0.0321165  0.0321165  -6.93889e-17  -0.361111  0.0486111  
greed_punisher  -0.245269  -0.333333  -0.558315  -0.4375  -0.558291  -0.558657  -0.558657  0.576389  1.38778e-17  -0.180556  
FP  -0.0248796  0.0329034  0.0555556  0.0543052  0.0555556  0.0555556  0.0555556  0.0243056  0.302083  -6.93889e-18  
t = 26
CFR  -4.16334e-17  0.0168707  -0.0155041  0.0147579  -0.00909901  -0.0105656  -0.0105656  -0.107439  0.298223  -0.0555556  
A-CFR  -0.0168707  -5.55112e-17  -0.0413932  -0.00793155  -0.0611317  -0.0671196  -0.0671196  -0.120071  0.392361  -0.197206  
CFR_IN  0.0155041  0.0413932  1.94289e-16  0.0422051  0.0147649  0.0123592  0.0123592  -0.00331598  0.656882  -0.0555556  
A-CFR_IN  -0.0147579  0.00793155  -0.0422051  2.42861e-16  -0.0283492  -0.0314183  -0.0314183  -0.0445606  0.583333  -0.0443107  
BPS-CFR  0.018198  0.0611317  -0.0114442  0.0283492  1.249e-16  -0.000266444  -0.000266444  -0.075941  0.656814  -0.052257  
TIPS-CFR  0.0211313  0.0671196  -0.00746684  0.0314183  0.000266444  1.73472e-16  0.0150945  -0.0146133  0.658106  -0.0555556  
IPS-CFR  0.0211313  0.0671196  -0.00746684  0.0314183  0.000266444  -0.0150945  1.73472e-16  -0.0146133  0.658106  -0.0555556  
PI  0.0897188  0.107759  0.0022736  0.0434554  0.0800408  0.0229168  0.0229168  4.16334e-17  5.55112e-17  0.0555556  
greed_punisher  -0.250545  -0.333333  -0.563435  -0.451389  -0.563408  -0.563925  -0.563925  5.55112e-17  2.77556e-17  -0.180556  
FP  0.0555556  0.206417  0.0555556  0.0499332  0.052257  0.0555556  0.0555556  -0.0416667  0.302083  -6.93889e-18  
t = 27
CFR  -4.16334e-17  0.0277219  -0.0349917  0.025751  -0.0185389  -0.0212592  -0.0212592  0.0703029  0.310791  -0.0549782  
A-CFR  -0.0277219  2.08167e-17  -0.0555556  -0.00316651  -0.0375401  -0.0389551  -0.0389551  -0.0627766  0.392361  -0.0872582  
CFR_IN  0.0349917  0.0555556  1.66533e-16  0.0555556  0.0217959  0.0205009  0.0205009  -0.0376581  0.666667  -0.0555556  
A-CFR_IN  -0.025751  0.00316651  -0.0555556  1.8735e-16  -0.0168209  -0.0201602  -0.0201602  0.00939356  0.583333  -0.0392549  
BPS-CFR  0.0370779  0.0375401  -0.0151813  0.0168209  1.59595e-16  -8.8957e-05  -8.8957e-05  -0.0489182  0.666667  -0.0489563  
TIPS-CFR  0.0425185  0.0389551  -0.0128014  0.0201602  8.8957e-05  1.73472e-16  0.0055463  -0.0363357  0.666667  -0.0555556  
IPS-CFR  0.0425185  0.0389551  -0.0128014  0.0201602  8.8957e-05  -0.0055463  1.59595e-16  -0.0363357  0.666667  -0.0555556  
PI  -0.0319274  0.0569584  0.0284189  -0.0104744  0.0328236  0.0625935  0.0625935  5.55112e-17  -0.541667  -0.0416667  
greed_punisher  -0.248072  -0.333333  -0.567349  -0.451389  -0.567349  -0.567349  -0.567349  0.986111  1.38778e-17  -0.180556  
FP  0.0552669  0.0933806  0.0555556  0.0474052  0.0489563  0.0555556  0.0555556  0.0347222  0.302083  -6.93889e-18  
t = 28
CFR  0  0.0347302  0.00418023  0.0340488  -0.0104072  -0.0135982  -0.0135982  -0.0496522  0.318755  -0.0446846  
A-CFR  -0.0347302  -4.16334e-17  -0.0555556  -0.00745163  -0.0301203  -0.0337695  -0.0337695  -0.0271558  0.392361  -0.0160996  
CFR_IN  -0.00418023  0.0555556  1.66533e-16  0.0555556  0.0285254  0.0216891  0.0216891  -0.0503312  0.666667  -0.0549782  
A-CFR_IN  -0.0340488  0.00745163  -0.0555556  2.39392e-16  -0.00253731  -0.00679987  -0.00679987  -0.10271  0.614643  -0.0131626  
BPS-CFR  0.0349946  0.0301203  -0.0193612  0.00253731  2.01228e-16  -0.00183225  -0.00183225  0.00645257  0.666667  -0.045344  
TIPS-CFR  0.0396073  0.0337695  -0.00591466  0.00679987  0.00183225  1.38778e-16  -8.83629e-05  -0.00338002  0.666667  -0.0539751  
IPS-CFR  0.0396073  0.0337695  -0.00591466  0.00679987  0.00183225  8.83629e-05  1.94289e-16  -0.00338002  0.666667  -0.0539751  
PI  0.0470453  0.0276541  0.0680581  0.10271  -0.00593661  0.0266105  0.0266105  6.41848e-17  1.38778e-17  0.125  
greed_punisher  -0.291125  -0.333333  -0.567349  -0.45492  -0.567349  -0.567349  -0.567349  1.38778e-17  2.77556e-17  -0.291667  
FP  0.0501201  0.0181069  0.0552669  0.0277543  0.0459326  0.0541607  0.0541607  -0.138889  0.385417  2.42861e-17  
t = 29
CFR  -1.38778e-17  0.0458735  0.0564972  0.0448658  -0.0018881  0.0343343  0.0343343  -0.0795682  0.590805  -0.0305726  
A-CFR  -0.0458735  -7.63278e-17  -0.0555556  0.00325417  -0.0105105  -0.0157007  -0.0157007  -0.0633085  0.392361  0.0290397  
CFR_IN  -0.0564972  0.0555556  2.04697e-16  0.0555556  0.0288992  0.0247722  0.0247722  0.00154721  0.666667  -0.0446846  
A-CFR_IN  -0.0448658  -0.00325417  -0.0555556  2.22045e-16  -0.00791749  -0.00374446  -0.00374446  0.00263448  0.70189  0.0150811  
BPS-CFR  0.0296659  0.0105105  -0.00898175  0.00791749  1.38778e-16  -0.000612862  -0.000612862  -0.0634084  0.666667  -0.0272091  
TIPS-CFR  -0.00655657  0.0157007  -0.000727312  0.00374446  0.000612862  1.14492e-16  -0.0142852  -0.0199539  0.666667  -0.0334994  
IPS-CFR  -0.00655657  0.0157007  -0.000727312  0.00374446  0.000612862  0.0142852  1.38778e-16  -0.0199539  0.666667  -0.0334994  
PI  0.075018  0.0614311  0.00163509  -0.000865816  0.0627316  0.0256979  0.0256979  8.32667e-17  -0.361111  -0.0555556  
greed_punisher  -0.532419  -0.333333  -0.567349  -0.469829  -0.567349  -0.567349  -0.567349  0.798611  1.38778e-17  -0.208333  
FP  0.0430641  -0.0290397  0.0501201  0.00683059  0.0339812  0.0389796  0.0389796  0.0625  0.291667  3.81639e-17  
t = 30
CFR  -4.16334e-17  0.0555556  0.0579228  0.0529756  0.0646628  0.0906026  0.0906026  -0.0560864  0.287606  -0.0109047  
A-CFR  -0.0555556  -4.51028e-17  -0.0555556  0.00915214  0.00192994  0.000105731  0.000105731  -0.0763232  0.392361  0.0604552  
CFR_IN  -0.0609332  0.0555556  1.94289e-16  0.0555556  0.0252886  0.0234061  0.0234061  -0.0510478  0.666667  -0.0264799  
A-CFR_IN  -0.0503957  -0.00915214  -0.0555556  2.498e-16  -0.00848279  -0.00212932  -0.00212932  -0.0560378  0.284638  -0.0667613  
BPS-CFR  -0.036885  -0.00192994  0.000270611  0.00848279  1.94289e-16  -0.000335038  -0.000335038  -0.041688  0.666667  8.7241e-05  
TIPS-CFR  -0.0628248  -0.000105731  0.00437168  0.00212932  0.000335038  1.52656e-16  -0.0197641  -0.068488  0.666667  -0.00588661  
IPS-CFR  -0.0628248  -0.000105731  0.00437168  0.00212932  0.000335038  0.0197641  1.73472e-16  -0.068488  0.666667  -0.00588661  
PI  0.0495946  0.074454  0.0507267  0.061472  0.0398771  0.0661217  0.0661217  -1.38778e-17  0  0.0555556  
greed_punisher  -0.380646  -0.333333  -0.567349  -0.294377  -0.567349  -0.567349  -0.567349  0  2.77556e-17  -0.208333  
FP  0.0329828  -0.0574402  0.0397753  0.0965049  0.0173976  0.0206814  0.0206814  -0.0416667  0.291667  2.77556e-17  
t = 31
CFR  9.54098e-17  0.0555556  0.0454481  0.0488798  0.0980329  0.0951713  0.0951713  -0.0432104  0.33472  0.0094116  
A-CFR  -0.0555556  -1.04083e-17  -0.0532292  0.00770734  -0.00393696  -0.0047683  -0.0047683  0.0206801  0.409646  0.0815699  
CFR_IN  -0.0407219  0.0532292  1.9082e-16  0.0499021  0.0201618  0.0802003  0.0802003  -0.0205482  0.461087  -0.00223449  
A-CFR_IN  -0.042204  -0.00770734  -0.0471554  1.66533e-16  -0.00756401  -0.0020445  -0.0020445  -0.0133287  0.329017  -0.132122  
BPS-CFR  -0.0702551  0.00393696  0.00761593  0.00756401  2.08167e-16  -0.000149474  -0.000149474  -0.00442745  0.461087  0.0250014  
TIPS-CFR  -0.0680715  0.0047683  -0.0524225  0.0020445  0.000149474  1.04083e-16  -0.0184339  0.000456439  0.461087  0.0191699  
IPS-CFR  -0.0680715  0.0047683  -0.0524225  0.0020445  0.000149474  0.0184339  2.08167e-16  0.000456439  0.461087  0.0191699  
PI  0.0405744  -0.00834395  0.021164  0.036281  0.00380958  -0.00150904  -0.00150904  5.55112e-17  -0.444444  -0.0590278  
greed_punisher  -0.393157  -0.342177  -0.379849  -0.32988  -0.379849  -0.379849  -0.379849  0.409722  1.38778e-17  -0.208333  
