learner/env  CFR  CFR_EX+IN  CFR_IN  A-CFR_IN  BPS-CFR  TIPS-CFR  CSPS-CFR  CFPS-CFR  CFPS-CFR_EX+IN  TIPS-CFR_EX+IN  
t = 0
CFR  5.55112e-17  5.55112e-17  5.55112e-17  5.55112e-17  5.55112e-17  5.55112e-17  5.55112e-17  5.55112e-17  5.55112e-17  5.55112e-17  
CFR_EX+IN  5.55112e-17  5.55112e-17  5.55112e-17  5.55112e-17  5.55112e-17  5.55112e-17  5.55112e-17  5.55112e-17  5.55112e-17  5.55112e-17  
CFR_IN  5.55112e-17  5.55112e-17  5.55112e-17  5.55112e-17  5.55112e-17  5.55112e-17  5.55112e-17  5.55112e-17  5.55112e-17  5.55112e-17  
A-CFR_IN  5.55112e-17  5.55112e-17  5.55112e-17  5.55112e-17  5.55112e-17  5.55112e-17  5.55112e-17  5.55112e-17  5.55112e-17  5.55112e-17  
BPS-CFR  5.55112e-17  5.55112e-17  5.55112e-17  5.55112e-17  5.55112e-17  5.55112e-17  5.55112e-17  5.55112e-17  5.55112e-17  5.55112e-17  
TIPS-CFR  5.55112e-17  5.55112e-17  5.55112e-17  5.55112e-17  5.55112e-17  5.55112e-17  5.55112e-17  5.55112e-17  5.55112e-17  5.55112e-17  
CSPS-CFR  5.55112e-17  5.55112e-17  5.55112e-17  5.55112e-17  5.55112e-17  5.55112e-17  5.55112e-17  5.55112e-17  5.55112e-17  5.55112e-17  
CFPS-CFR  5.55112e-17  5.55112e-17  5.55112e-17  5.55112e-17  5.55112e-17  5.55112e-17  5.55112e-17  5.55112e-17  5.55112e-17  5.55112e-17  
CFPS-CFR_EX+IN  5.55112e-17  5.55112e-17  5.55112e-17  5.55112e-17  5.55112e-17  5.55112e-17  5.55112e-17  5.55112e-17  5.55112e-17  5.55112e-17  
TIPS-CFR_EX+IN  5.55112e-17  5.55112e-17  5.55112e-17  5.55112e-17  5.55112e-17  5.55112e-17  5.55112e-17  5.55112e-17  5.55112e-17  5.55112e-17  
t = 1
CFR  0  0.0162319  0.746667  0.746667  0  0.746667  0.0041177  0.746667  0.0162319  0.0162319  
CFR_EX+IN  -0.0162319  4.44089e-16  0.730435  0.730435  -0.0162319  0.730435  -0.0121142  0.730435  3.33067e-16  3.33067e-16  
CFR_IN  -0.746667  -0.730435  0  0  -0.746667  1.11022e-15  -0.742549  1.11022e-15  -0.730435  -0.730435  
A-CFR_IN  -0.746667  -0.730435  0  0  -0.746667  1.11022e-15  -0.742549  1.11022e-15  -0.730435  -0.730435  
BPS-CFR  0  0.0162319  0.746667  0.746667  0  0.746667  0.0041177  0.746667  0.0162319  0.0162319  
TIPS-CFR  -0.746667  -0.730435  -8.88178e-16  -8.88178e-16  -0.746667  0  -0.742549  0  -0.730435  -0.730435  
CSPS-CFR  -0.0041177  0.0121142  0.742549  0.742549  -0.0041177  0.742549  0  0.742549  0.0121142  0.0121142  
CFPS-CFR  -0.746667  -0.730435  -8.88178e-16  -8.88178e-16  -0.746667  0  -0.742549  0  -0.730435  -0.730435  
CFPS-CFR_EX+IN  -0.0162319  3.33067e-16  0.730435  0.730435  -0.0162319  0.730435  -0.0121142  0.730435  0  0  
TIPS-CFR_EX+IN  -0.0162319  3.33067e-16  0.730435  0.730435  -0.0162319  0.730435  -0.0121142  0.730435  0  0  
t = 2
CFR  0  -0.0119785  -0.257224  1.42159  0.0258926  -0.236516  0.0257885  -0.235586  0.0129732  0.0115453  
CFR_EX+IN  0.0119785  2.22045e-16  -0.243549  1.4425  0.0391599  -0.221999  0.0389334  -0.221001  0.0260085  0.0244987  
CFR_IN  0.257224  0.243549  -4.44089e-16  1.36927  0.284507  0.0253805  0.275034  0.0267354  0.270519  0.268785  
A-CFR_IN  -1.42159  -1.4425  -1.36927  -1.11022e-16  -1.39501  -1.34782  -1.41376  -1.34648  -1.41386  -1.41529  
BPS-CFR  -0.0258926  -0.0391599  -0.284507  1.39501  0  -0.264537  -0.00347207  -0.263632  -0.0142082  -0.0156348  
TIPS-CFR  0.236516  0.221999  -0.0253805  1.34782  0.264537  0  0.253169  0.00134933  0.249684  0.24795  
CSPS-CFR  -0.0257885  -0.0389334  -0.275034  1.41376  0.00347207  -0.253169  0  -0.251961  -0.0116904  -0.0132887  
CFPS-CFR  0.235586  0.221001  -0.0267354  1.34648  0.263632  -0.00134933  0.251961  0  0.248711  0.246977  
CFPS-CFR_EX+IN  -0.0129732  -0.0260085  -0.270519  1.41386  0.0142082  -0.249684  0.0116904  -0.248711  0  -0.00150856  
TIPS-CFR_EX+IN  -0.0115453  -0.0244987  -0.268785  1.41529  0.0156348  -0.24795  0.0132887  -0.246977  0.00150856  2.22045e-16  
t = 3
CFR  0  -0.0515637  -0.060335  0.581755  -0.0590051  -0.0624553  -0.265506  -0.0633996  -0.106922  -0.101643  
CFR_EX+IN  0.0515637  0  -0.0515504  0.57257  -6.75883e-05  -0.0479311  -0.215479  -0.0510103  -0.0501601  -0.0372335  
CFR_IN  0.060335  0.0515504  0  0.415818  0.0353877  0.0196449  -0.181284  0.0182866  0.0283575  0.0303009  
A-CFR_IN  -0.581755  -0.57257  -0.415818  2.50668e-15  -0.556692  -0.390815  -0.558327  -0.390369  -0.555314  -0.555399  
BPS-CFR  0.0590051  6.75883e-05  -0.0353877  0.556692  0  -0.0366131  -0.222093  -0.0373078  -0.0555174  -0.0491291  
TIPS-CFR  0.0624553  0.0479311  -0.0196449  0.390815  0.0366131  0  -0.189757  -0.00132652  0.0239385  0.0251714  
CSPS-CFR  0.265506  0.215479  0.181284  0.558327  0.222093  0.189757  1.11022e-16  0.189405  0.178642  0.182949  
CFPS-CFR  0.0633996  0.0510103  -0.0182866  0.390369  0.0373078  0.00132652  -0.189405  0  0.0267481  0.0293242  
CFPS-CFR_EX+IN  0.106922  0.0501601  -0.0283575  0.555314  0.0555174  -0.0239385  -0.178642  -0.0267481  0  0.0138827  
TIPS-CFR_EX+IN  0.101643  0.0372335  -0.0303009  0.555399  0.0491291  -0.0251714  -0.182949  -0.0293242  -0.0138827  -5.55112e-17  
t = 4
CFR  -4.16334e-17  0.0204401  -0.0668236  0.31762  -0.0336975  -0.0489646  -0.0187521  -0.0519243  0.00700547  0.0101533  
CFR_EX+IN  -0.0204401  1.38778e-16  -0.0509022  0.301618  -0.0358787  -0.0399079  -0.031994  -0.0438212  -0.00432395  0.0138276  
CFR_IN  0.0668236  0.0509022  -3.33067e-16  0.23338  0.0564034  -0.00751027  0.0253811  -0.0129911  0.0441237  0.048466  
A-CFR_IN  -0.31762  -0.301618  -0.23338  9.99201e-16  -0.356907  -0.292052  -0.342841  -0.292718  -0.352892  -0.350648  
BPS-CFR  0.0336975  0.0358787  -0.0564034  0.356907  8.32667e-17  -0.0416443  -0.00951236  -0.0446568  0.0168591  0.0180157  
TIPS-CFR  0.0489646  0.0399079  0.00751027  0.292052  0.0416443  -3.05311e-16  0.025637  -0.00388647  0.0386669  0.0460474  
CSPS-CFR  0.0187521  0.031994  -0.0253811  0.342841  0.00951236  -0.025637  -1.38778e-16  -0.0309147  0.0329148  0.0362418  
CFPS-CFR  0.0519243  0.0438212  0.0129911  0.292718  0.0446568  0.00388647  0.0309147  1.66533e-16  0.0413473  0.0449205  
CFPS-CFR_EX+IN  -0.00700547  0.00432395  -0.0441237  0.352892  -0.0168591  -0.0386669  -0.0329148  -0.0413473  5.55112e-17  0.0161698  
TIPS-CFR_EX+IN  -0.0101533  -0.0138276  -0.048466  0.350648  -0.0180157  -0.0460474  -0.0362418  -0.0449205  -0.0161698  2.63678e-16  
t = 5
CFR  5.55112e-17  -0.00472817  0.0604472  0.0552381  -0.0793509  -0.0068746  -0.0947822  -0.031295  -0.115872  -0.113499  
CFR_EX+IN  0.00472817  1.66533e-16  0.0475058  0.0463213  -0.0748726  -0.0569479  -0.0909911  -0.0563076  -0.105857  -0.0941761  
CFR_IN  -0.0604472  -0.0475058  1.11022e-16  0.15138  -0.0583629  0.0207302  -0.0832545  -0.0572126  -0.0583927  -0.0557665  
A-CFR_IN  -0.0552381  -0.0463213  -0.15138  2.22045e-16  -0.053385  -0.113923  -0.161672  -0.103876  -0.0455356  -0.155943  
BPS-CFR  0.0793509  0.0748726  0.0583629  0.053385  2.77556e-17  -0.0119049  -0.0895024  -0.0384646  -0.0327309  -0.0415133  
TIPS-CFR  0.0068746  0.0569479  -0.0207302  0.113923  0.0119049  -1.11022e-16  -0.0701312  -0.0895269  0.0580259  0.0554161  
CSPS-CFR  0.0947822  0.0909911  0.0832545  0.161672  0.0895024  0.0701312  5.55112e-17  0.0711864  0.0826613  0.0849732  
CFPS-CFR  0.031295  0.0563076  0.0572126  0.103876  0.0384646  0.0895269  -0.0711864  1.11022e-16  0.0581853  0.0613859  
CFPS-CFR_EX+IN  0.115872  0.105857  0.0583927  0.0455356  0.0327309  -0.0580259  -0.0826613  -0.0581853  8.32667e-17  -0.0225093  
TIPS-CFR_EX+IN  0.113499  0.0941761  0.0557665  0.155943  0.0415133  -0.0554161  -0.0849732  -0.0613859  0.0225093  3.60822e-16  
t = 6
CFR  -5.55112e-17  -0.0120625  0.0452025  0.0996961  0.0595418  0.122112  0.0250172  0.11156  0.0392863  0.0279847  
CFR_EX+IN  0.0120625  1.11022e-16  0.0667414  0.103121  0.0711312  0.123558  0.0374557  0.128166  0.0492825  0.0459793  
CFR_IN  -0.0452025  -0.0667414  1.11022e-16  0.189463  0.013116  -0.129053  0.0225982  -0.0715225  0.00879746  0.00456937  
A-CFR_IN  -0.0996961  -0.103121  -0.189463  1.14492e-15  -0.153282  -0.362494  -0.23286  -0.343862  -0.16104  -0.234581  
BPS-CFR  -0.0595418  -0.0711312  -0.013116  0.153282  -5.55112e-17  0.125685  0.0130161  0.0975623  -0.0147271  -0.0303261  
TIPS-CFR  -0.122112  -0.123558  0.129053  0.362494  -0.125685  -2.22045e-16  0.0486107  0.076578  -0.131288  -0.129074  
CSPS-CFR  -0.0250172  -0.0374557  -0.0225982  0.23286  -0.0130161  -0.0486107  -2.77556e-17  -0.0867881  -0.0299493  -0.0395491  
CFPS-CFR  -0.11156  -0.128166  0.0715225  0.343862  -0.0975623  -0.076578  0.0867881  2.22045e-16  -0.135571  -0.136025  
CFPS-CFR_EX+IN  -0.0392863  -0.0492825  -0.00879746  0.16104  0.0147271  0.131288  0.0299493  0.135571  5.55112e-17  -0.00855207  
TIPS-CFR_EX+IN  -0.0279847  -0.0459793  -0.00456937  0.234581  0.0303261  0.129074  0.0395491  0.136025  0.00855207  2.77556e-16  
t = 7
CFR  0  0.00698653  -0.0823576  0.4153  -0.0989752  -0.250481  -0.0274426  -0.303186  -0.0939666  -0.0905144  
CFR_EX+IN  -0.00698653  1.11022e-16  -0.0813064  0.441709  -0.103191  -0.219897  0.00133552  -0.248011  -0.0925235  -0.0919478  
CFR_IN  0.0823576  0.0813064  4.44089e-16  0.34418  0.05629  -0.128018  -0.151952  -0.0698958  0.0236938  0.0207817  
A-CFR_IN  -0.4153  -0.441709  -0.34418  2.38698e-15  -0.303434  -0.324665  -0.254361  -0.283643  -0.302841  -0.255681  
BPS-CFR  0.0989752  0.103191  -0.05629  0.303434  -1.11022e-16  -0.357003  -0.0023818  -0.306089  -0.000146785  0.00914228  
TIPS-CFR  0.250481  0.219897  0.128018  0.324665  0.357003  5.55112e-17  -0.155719  0.0544468  0.265408  0.181838  
CSPS-CFR  0.0274426  -0.00133552  0.151952  0.254361  0.0023818  0.155719  1.66533e-16  0.225812  -0.0245919  -0.0333673  
CFPS-CFR  0.303186  0.248011  0.0698958  0.283643  0.306089  -0.0544468  -0.225812  2.22045e-16  0.288317  0.220558  
CFPS-CFR_EX+IN  0.0939666  0.0925235  -0.0236938  0.302841  0.000146785  -0.265408  0.0245919  -0.288317  2.77556e-16  0.0130367  
TIPS-CFR_EX+IN  0.0905144  0.0919478  -0.0207817  0.255681  -0.00914228  -0.181838  0.0333673  -0.220558  -0.0130367  2.77556e-16  
t = 8
CFR  -1.11022e-16  0.00477885  -0.258226  0.300125  -0.0368954  -0.226618  -0.1263  -0.181997  -0.0736817  -0.0801175  
CFR_EX+IN  -0.00477885  2.22045e-16  -0.195847  0.298766  0.0111361  -0.21525  -0.066942  -0.179122  -0.0764574  -0.113387  
CFR_IN  0.258226  0.195847  6.66134e-16  0.324126  -0.165983  -0.00759996  0.0815603  -0.0124715  -0.180439  -0.176759  
A-CFR_IN  -0.300125  -0.298766  -0.324126  4.77396e-15  -0.216758  -0.231993  -0.175131  -0.232342  -0.216822  -0.173141  
BPS-CFR  0.0368954  -0.0111361  0.165983  0.216758  0  0.0707148  0.0695609  0.0806524  -0.121243  -0.10102  
TIPS-CFR  0.226618  0.21525  0.00759996  0.231993  -0.0707148  2.63678e-16  0.31349  -0.0181977  -0.0595793  0.113744  
CSPS-CFR  0.1263  0.066942  -0.0815603  0.175131  -0.0695609  -0.31349  2.77556e-16  -0.286071  -0.153312  -0.103958  
CFPS-CFR  0.181997  0.179122  0.0124715  0.232342  -0.0806524  0.0181977  0.286071  2.498e-16  -0.0896189  0.085104  
CFPS-CFR_EX+IN  0.0736817  0.0764574  0.180439  0.216822  0.121243  0.0595793  0.153312  0.0896189  3.33067e-16  -0.048388  
TIPS-CFR_EX+IN  0.0801175  0.113387  0.176759  0.173141  0.10102  -0.113744  0.103958  -0.085104  0.048388  3.05311e-16  
t = 9
CFR  -2.77556e-17  -0.0390137  -0.107241  0.201986  -0.152955  -0.192032  -0.230612  -0.18693  -0.351668  -0.356097  
CFR_EX+IN  0.0390137  1.11022e-16  -0.0874418  0.204491  -0.165413  -0.196452  -0.331599  -0.127333  -0.181152  -0.274076  
CFR_IN  0.107241  0.0874418  7.49401e-16  0.318763  -0.0184815  0.102232  -0.12543  0.0750689  -0.0563617  -0.101478  
A-CFR_IN  -0.201986  -0.204491  -0.318763  7.99361e-15  -0.246306  -0.216563  -0.30341  -0.30007  -0.276309  -0.303622  
BPS-CFR  0.152955  0.165413  0.0184815  0.246306  0  0.0522561  -0.00429887  0.0887943  -0.0946538  -0.113754  
TIPS-CFR  0.192032  0.196452  -0.102232  0.216563  -0.0522561  1.94289e-16  -0.0787077  -0.0858061  -0.0552001  -0.0693805  
CSPS-CFR  0.230612  0.331599  0.12543  0.30341  0.00429887  0.0787077  2.22045e-16  0.106737  0.166198  0.137344  
CFPS-CFR  0.18693  0.127333  -0.0750689  0.30007  -0.0887943  0.0858061  -0.106737  5.55112e-17  -0.102549  -0.112795  
CFPS-CFR_EX+IN  0.351668  0.181152  0.0563617  0.276309  0.0946538  0.0552001  -0.166198  0.102549  2.35922e-16  -0.0478213  
TIPS-CFR_EX+IN  0.356097  0.274076  0.101478  0.303622  0.113754  0.0693805  -0.137344  0.112795  0.0478213  2.77556e-16  
t = 10
CFR  -1.38778e-17  -0.00720799  -0.245165  -0.05697  -0.160496  -0.072756  -0.0979122  0.0354876  0.047903  0.0537997  
CFR_EX+IN  0.00720799  1.66533e-16  -0.221304  -0.059939  -0.160409  -0.0664478  0.00864414  -0.0123724  -0.076329  -0.0161135  
CFR_IN  0.245165  0.221304  6.66134e-16  0.0550078  0.261585  -0.0465212  0.225596  -0.105398  0.261136  0.258701  
A-CFR_IN  0.05697  0.059939  -0.0550078  0  0.00861795  -0.103545  -0.0047606  -0.150842  0.0205107  -0.0100428  
BPS-CFR  0.160496  0.160409  -0.261585  -0.00861795  -1.38778e-17  0.0159251  -0.195622  -0.0845942  0.16039  0.209178  
TIPS-CFR  0.072756  0.0664478  0.0465212  0.103545  -0.0159251  2.77556e-16  0.0258267  0.0273178  0.0974891  0.0522298  
CSPS-CFR  0.0979122  -0.00864414  -0.225596  0.0047606  0.195622  -0.0258267  1.80411e-16  0.0504621  0.0132376  0.0552981  
CFPS-CFR  -0.0354876  0.0123724  0.105398  0.150842  0.0845942  -0.0273178  -0.0504621  1.38778e-16  0.0626653  0.0405121  
CFPS-CFR_EX+IN  -0.047903  0.076329  -0.261136  -0.0205107  -0.16039  -0.0974891  -0.0132376  -0.0626653  1.66533e-16  0.0321851  
TIPS-CFR_EX+IN  -0.0537997  0.0161135  -0.258701  0.0100428  -0.209178  -0.0522298  -0.0552981  -0.0405121  -0.0321851  2.498e-16  
t = 11
CFR  0  0.00902378  0.0767714  -0.198832  -0.248249  0.0398425  0.170407  0.0429177  0.0099378  0.0199564  
CFR_EX+IN  -0.00902378  5.55112e-17  0.101104  -0.198074  -0.192586  0.0702885  0.195362  0.125636  -0.229755  0.00353334  
CFR_IN  -0.0767714  -0.101104  7.97973e-16  -0.225881  -0.00844733  -0.0450296  0.01474  -0.0270285  -0.0186329  -0.0293571  
A-CFR_IN  0.198832  0.198074  0.225881  2.44249e-15  0.204663  0.131206  0.190465  0.178972  0.199208  0.19826  
BPS-CFR  0.248249  0.192586  0.00844733  -0.204663  3.46945e-18  -0.254402  -0.0825792  -0.106  0.0474748  -0.000313059  
TIPS-CFR  -0.0398425  -0.0702885  0.0450296  -0.131206  0.254402  3.88578e-16  -0.0638857  -0.0413272  0.00655619  0.148268  
CSPS-CFR  -0.170407  -0.195362  -0.01474  -0.190465  0.0825792  0.0638857  -2.77556e-17  -0.136129  0.20957  0.0102935  
CFPS-CFR  -0.0429177  -0.125636  0.0270285  -0.178972  0.106  0.0413272  0.136129  2.77556e-16  0.0241077  0.0861098  
CFPS-CFR_EX+IN  -0.0099378  0.229755  0.0186329  -0.199208  -0.0474748  -0.00655619  -0.20957  -0.0241077  0  0.0239228  
TIPS-CFR_EX+IN  -0.0199564  -0.00353334  0.0293571  -0.19826  0.000313059  -0.148268  -0.0102935  -0.0861098  -0.0239228  2.22045e-16  
t = 12
CFR  1.11022e-16  -0.0992066  0.200511  -0.249132  0.00348029  0.0500489  -0.432819  -0.123091  -0.249929  -0.259243  
CFR_EX+IN  0.0992066  1.66533e-16  0.309648  -0.242322  0.16889  0.0834705  -0.51103  -0.135956  -0.0874523  -0.292129  
CFR_IN  -0.200511  -0.309648  2.91434e-16  -0.0702221  0.101459  -0.224571  -0.146657  -0.229253  -0.00527442  0.0193016  
A-CFR_IN  0.249132  0.242322  0.0702221  2.22045e-16  0.313964  0.0134624  0.381646  0.0725882  0.285811  0.390007  
BPS-CFR  -0.00348029  -0.16889  -0.101459  -0.313964  5.55112e-17  0.0114159  -0.121818  0.0173524  -0.0216098  0.0442391  
TIPS-CFR  -0.0500489  -0.0834705  0.224571  -0.0134624  -0.0114159  1.66533e-16  -0.195164  0.205607  -0.147733  -0.100276  
CSPS-CFR  0.432819  0.51103  0.146657  -0.381646  0.121818  0.195164  -1.38778e-17  -0.00747541  0.112482  0.127647  
CFPS-CFR  0.123091  0.135956  0.229253  -0.0725882  -0.0173524  -0.205607  0.00747541  5.55112e-17  0.0107988  -0.0342969  
CFPS-CFR_EX+IN  0.249929  0.0874523  0.00527442  -0.285811  0.0216098  0.147733  -0.112482  -0.0107988  -5.55112e-17  0.0214842  
TIPS-CFR_EX+IN  0.259243  0.292129  -0.0193016  -0.390007  -0.0442391  0.100276  -0.127647  0.0342969  -0.0214842  0  
t = 13
CFR  -2.77556e-17  -0.0119302  0.288859  0.177018  -0.022982  0.32987  -0.324862  0.210094  -0.143034  -0.0325407  
CFR_EX+IN  0.0119302  1.66533e-16  -0.1188  0.207843  -0.130032  0.0169588  -0.187171  -0.0922071  -0.011238  -0.019392  
CFR_IN  -0.288859  0.1188  1.94289e-16  0.0272416  -0.197846  -0.609077  0.138606  -0.353363  0.0589661  0.067818  
A-CFR_IN  -0.177018  -0.207843  -0.0272416  1.11022e-15  -0.100106  -0.139658  -0.0271168  -0.0011392  -0.14298  -0.0342543  
BPS-CFR  0.022982  0.130032  0.197846  0.100106  -2.77556e-17  -0.0184218  0.0486351  -0.111563  0.0908497  0.143945  
TIPS-CFR  -0.32987  -0.0169588  0.609077  0.139658  0.0184218  4.44089e-16  0.248626  0.255601  0.325779  0.250999  
CSPS-CFR  0.324862  0.187171  -0.138606  0.0271168  -0.0486351  -0.248626  1.11022e-16  -0.0726862  0.0867976  0.403416  
CFPS-CFR  -0.210094  0.0922071  0.353363  0.0011392  0.111563  -0.255601  0.0726862  -5.55112e-17  0.345449  0.234647  
CFPS-CFR_EX+IN  0.143034  0.011238  -0.0589661  0.14298  -0.0908497  -0.325779  -0.0867976  -0.345449  2.77556e-17  -0.00802006  
TIPS-CFR_EX+IN  0.0325407  0.019392  -0.067818  0.0342543  -0.143945  -0.250999  -0.403416  -0.234647  0.00802006  -1.11022e-16  
t = 14
CFR  1.11022e-16  0.355408  0.0368342  0.174271  -0.102762  -0.161828  -0.0953079  -0.286927  0.467122  0.124306  
CFR_EX+IN  -0.355408  1.66533e-16  0.12836  0.171706  0.104024  -0.0458165  -0.275024  -0.0119134  0.375238  0.193982  
CFR_IN  -0.0368342  -0.12836  2.22045e-16  0.221468  0.0843026  0.720525  -0.377455  0.494531  0.068601  0.0193017  
A-CFR_IN  -0.174271  -0.171706  -0.221468  7.77156e-16  -0.246582  -0.508034  -0.0810473  -0.448819  -0.207393  -0.0753931  
BPS-CFR  0.102762  -0.104024  -0.0843026  0.246582  5.55112e-17  -0.0516067  -0.133414  -0.159845  0.0507776  -0.0618325  
TIPS-CFR  0.161828  0.0458165  -0.720525  0.508034  0.0516067  2.22045e-16  0.0890776  -0.219108  0.102064  -0.0243056  
CSPS-CFR  0.0953079  0.275024  0.377455  0.0810473  0.133414  -0.0890776  1.11022e-16  -0.0245949  0.0282108  -0.103995  
CFPS-CFR  0.286927  0.0119134  -0.494531  0.448819  0.159845  0.219108  0.0245949  1.66533e-16  -0.0498867  -0.0247152  
CFPS-CFR_EX+IN  -0.467122  -0.375238  -0.068601  0.207393  -0.0507776  -0.102064  -0.0282108  0.0498867  2.22045e-16  -0.0910556  
TIPS-CFR_EX+IN  -0.124306  -0.193982  -0.0193017  0.0753931  0.0618325  0.0243056  0.103995  0.0247152  0.0910556  0  
t = 15
CFR  5.55112e-17  -0.0568937  0.257496  0.184412  0.150466  -0.165126  0.0134243  0.00958142  -0.0793823  -0.118191  
CFR_EX+IN  0.0568937  -5.55112e-17  0.200708  0.138984  -0.262351  -0.075469  0.136594  0.0266993  -0.228917  -0.294898  
CFR_IN  -0.257496  -0.200708  5.55112e-17  0.277244  -0.317035  0.159135  -0.18896  0.194458  -0.559924  -0.17604  
A-CFR_IN  -0.184412  -0.138984  -0.277244  4.996e-16  -0.216457  -0.31851  -0.332996  -0.370403  -0.188251  -0.348827  
BPS-CFR  -0.150466  0.262351  0.317035  0.216457  -8.32667e-17  0.118869  0.0124453  0.276692  -0.0517382  -0.0273987  
TIPS-CFR  0.165126  0.075469  -0.159135  0.31851  -0.118869  8.32667e-17  -0.169989  -0.315355  -0.0802055  -0.0950166  
CSPS-CFR  -0.0134243  -0.136594  0.18896  0.332996  -0.0124453  0.169989  2.35922e-16  0.297211  -0.287958  -0.246446  
CFPS-CFR  -0.00958142  -0.0266993  -0.194458  0.370403  -0.276692  0.315355  -0.297211  -1.03216e-16  -0.123876  -0.168946  
CFPS-CFR_EX+IN  0.0793823  0.228917  0.559924  0.188251  0.0517382  0.0802055  0.287958  0.123876  0  0.268465  
TIPS-CFR_EX+IN  0.118191  0.294898  0.17604  0.348827  0.0273987  0.0950166  0.246446  0.168946  -0.268465  1.11022e-16  
t = 16
CFR  -8.32667e-17  -0.0178624  -0.0717409  0.296974  0.189871  -0.261639  -0.199524  0.0873999  -0.30419  -0.19617  
CFR_EX+IN  0.0178624  1.11022e-16  -0.026443  0.274347  0.199002  -0.0809843  0.0680474  0.116964  -0.0660908  -0.0382831  
CFR_IN  0.0717409  0.026443  3.60822e-16  0.439631  -0.425593  -0.0931105  -0.0682601  -0.00647294  -0.272908  -0.516104  
A-CFR_IN  -0.296974  -0.274347  -0.439631  5.55112e-16  -0.322776  -0.312924  -0.366981  -0.445052  -0.33511  -0.365738  
BPS-CFR  -0.189871  -0.199002  0.425593  0.322776  0  0.30253  0.265335  -0.0310715  -0.0670125  -0.0916738  
TIPS-CFR  0.261639  0.0809843  0.0931105  0.312924  -0.30253  1.76942e-16  0.0477467  0.137804  -0.0165324  -0.0870465  
CSPS-CFR  0.199524  -0.0680474  0.0682601  0.366981  -0.265335  -0.0477467  1.38778e-16  0.0032501  -0.278739  -0.499676  
CFPS-CFR  -0.0873999  -0.116964  0.00647294  0.445052  0.0310715  -0.137804  -0.0032501  5.89806e-17  -0.302091  -0.262964  
CFPS-CFR_EX+IN  0.30419  0.0660908  0.272908  0.33511  0.0670125  0.0165324  0.278739  0.302091  2.22045e-16  -0.266048  
TIPS-CFR_EX+IN  0.19617  0.0382831  0.516104  0.365738  0.0916738  0.0870465  0.499676  0.262964  0.266048  1.66533e-16  
t = 17
CFR  -5.55112e-17  -0.066056  -0.253504  0.35017  -0.145421  0.0308874  0.189998  0.145348  -0.0911037  0.0570529  
CFR_EX+IN  0.066056  0  -0.254131  0.355869  -0.047288  -0.10221  0.142796  0.00827286  0.0168405  0.0983515  
CFR_IN  0.253504  0.254131  2.77556e-16  0.307224  -0.0621604  -0.217397  -0.0158364  0.0118617  -0.122481  -0.26884  
A-CFR_IN  -0.35017  -0.355869  -0.307224  3.33067e-16  -0.233769  -0.283661  -0.222731  -0.341416  -0.214554  -0.20759  
BPS-CFR  0.145421  0.047288  0.0621604  0.233769  1.11022e-16  0.000708332  0.190196  0.0644956  -0.162215  -0.135888  
TIPS-CFR  -0.0308874  0.10221  0.217397  0.283661  -0.000708332  8.32667e-17  0.114098  0.167291  -0.260048  -0.266529  
CSPS-CFR  -0.189998  -0.142796  0.0158364  0.222731  -0.190196  -0.114098  1.94289e-16  0.133773  -0.439601  -0.272485  
CFPS-CFR  -0.145348  -0.00827286  -0.0118617  0.341416  -0.0644956  -0.167291  -0.133773  3.05311e-16  -0.0727366  0.0232559  
CFPS-CFR_EX+IN  0.0911037  -0.0168405  0.122481  0.214554  0.162215  0.260048  0.439601  0.0727366  0  -0.0867457  
TIPS-CFR_EX+IN  -0.0570529  -0.0983515  0.26884  0.20759  0.135888  0.266529  0.272485  -0.0232559  0.0867457  -5.55112e-17  
t = 18
CFR  0  -0.0939991  -0.256346  0.283166  -0.129227  0.0127332  0.31521  -0.0231322  -0.0435678  0.128725  
CFR_EX+IN  0.0939991  1.11022e-16  -0.274612  0.2945  -0.116774  -0.118682  0.112015  -0.144236  0.0460021  0.131309  
CFR_IN  0.256346  0.274612  1.66533e-16  0.292639  0.0298629  -0.0909652  -0.0757118  -0.0452538  0.0264813  -0.0906248  
A-CFR_IN  -0.283166  -0.2945  -0.292639  2.22045e-16  -0.240317  -0.340976  -0.31845  -0.451558  -0.255851  -0.239501  
BPS-CFR  0.129227  0.116774  -0.0298629  0.240317  -1.11022e-16  -0.117267  0.264997  0.420703  0.0688493  -0.0217503  
TIPS-CFR  -0.0127332  0.118682  0.0909652  0.340976  0.117267  1.94289e-16  -0.046106  0.181619  -0.066157  -0.140697  
CSPS-CFR  -0.31521  -0.112015  0.0757118  0.31845  -0.264997  0.046106  2.22045e-16  0.255088  -0.106182  -0.232518  
CFPS-CFR  0.0231322  0.144236  0.0452538  0.451558  -0.420703  -0.181619  -0.255088  3.88578e-16  -0.0082525  -0.136049  
CFPS-CFR_EX+IN  0.0435678  -0.0460021  -0.0264813  0.255851  -0.0688493  0.066157  0.106182  0.0082525  2.22045e-16  -0.09791  
TIPS-CFR_EX+IN  -0.128725  -0.131309  0.0906248  0.239501  0.0217503  0.140697  0.232518  0.136049  0.09791  8.32667e-17  
t = 19
CFR  -1.11022e-16  -0.0162122  -0.0635901  0.236902  -0.135693  0.133746  0.228456  0.0663956  0.0618328  0.0239015  
CFR_EX+IN  0.0162122  2.498e-16  0.153856  0.11612  -0.146027  0.198042  0.355896  0.0294441  -0.0543912  0.0561458  
CFR_IN  0.0635901  -0.153856  3.95517e-16  0.411091  0.0339706  -0.180824  0.0740544  -0.240913  0.148098  0.11979  
A-CFR_IN  -0.236902  -0.11612  -0.411091  1.44329e-15  -0.247168  -0.254096  -0.296188  -0.317777  -0.259787  -0.255716  
BPS-CFR  0.135693  0.146027  -0.0339706  0.247168  1.38778e-17  0.30524  0.109495  0.233956  0.265498  0.179339  
TIPS-CFR  -0.133746  -0.198042  0.180824  0.254096  -0.30524  4.16334e-16  -0.115005  0.0532459  -0.338015  -0.0566085  
CSPS-CFR  -0.228456  -0.355896  -0.0740544  0.296188  -0.109495  0.115005  0  -0.0626187  0.349457  0.275943  
CFPS-CFR  -0.0663956  -0.0294441  0.240913  0.317777  -0.233956  -0.0532459  0.0626187  3.88578e-16  -0.191612  0.231484  
CFPS-CFR_EX+IN  -0.0618328  0.0543912  -0.148098  0.259787  -0.265498  0.338015  -0.349457  0.191612  2.63678e-16  -0.0537207  
TIPS-CFR_EX+IN  -0.0239015  -0.0561458  -0.11979  0.255716  -0.179339  0.0566085  -0.275943  -0.231484  0.0537207  5.55112e-17  
t = 20
CFR  0  -0.0631881  0.140032  0.168964  -0.138779  0.346618  0.198722  0.375696  0.169009  0.0183766  
CFR_EX+IN  0.0631881  1.66533e-16  0.675671  0.175869  -0.080215  0.092346  0.0666268  0.339361  0.0599473  0.151358  
CFR_IN  -0.140032  -0.675671  4.23273e-16  0.255955  -0.296553  -0.0293484  0.180267  -0.0187834  -0.0471502  -0.0139091  
A-CFR_IN  -0.168964  -0.175869  -0.255955  7.63278e-16  -0.235018  -0.251549  -0.317873  -0.243347  -0.46888  -0.430612  
BPS-CFR  0.138779  0.080215  0.296553  0.235018  -5.55112e-17  0.206869  0.080273  -0.120207  -0.0687367  0.133011  
TIPS-CFR  -0.346618  -0.092346  0.0293484  0.251549  -0.206869  2.77556e-16  0.203952  0.030147  0.0336514  0.50462  
CSPS-CFR  -0.198722  -0.0666268  -0.180267  0.317873  -0.080273  -0.203952  4.33681e-17  -0.426415  0.22703  0.24237  
CFPS-CFR  -0.375696  -0.339361  0.0187834  0.243347  0.120207  -0.030147  0.426415  6.10623e-16  -0.120828  0.187551  
CFPS-CFR_EX+IN  -0.169009  -0.0599473  0.0471502  0.46888  0.0687367  -0.0336514  -0.22703  0.120828  4.16334e-17  0.0681953  
TIPS-CFR_EX+IN  -0.0183766  -0.151358  0.0139091  0.430612  -0.133011  -0.50462  -0.24237  -0.187551  -0.0681953  5.55112e-17  
t = 21
CFR  5.55112e-17  -0.129837  0.378711  0.312518  -0.0721438  0.00414855  -0.0243288  0.0394474  0.0275784  0.0206376  
CFR_EX+IN  0.129837  5.55112e-17  0.0640476  0.335409  0.00724754  0.156563  -0.0749667  0.18461  0.142604  0.137579  
CFR_IN  -0.378711  -0.0640476  2.98372e-16  0.232392  -0.0402313  -0.00523186  -0.218818  0.102564  -0.151418  0.187195  
A-CFR_IN  -0.312518  -0.335409  -0.232392  9.29812e-16  -0.386922  -0.34128  -0.346491  -0.233256  -0.406645  -0.385316  
BPS-CFR  0.0721438  -0.00724754  0.0402313  0.386922  -5.55112e-17  -0.35725  0.0251037  0.00579308  -0.183986  -0.189091  
TIPS-CFR  -0.00414855  -0.156563  0.00523186  0.34128  0.35725  8.32667e-17  0.435681  0.0535104  0.250769  0.176364  
CSPS-CFR  0.0243288  0.0749667  0.218818  0.346491  -0.0251037  -0.435681  -8.32667e-17  -0.322883  0.168039  0.113507  
CFPS-CFR  -0.0394474  -0.18461  -0.102564  0.233256  -0.00579308  -0.0535104  0.322883  3.88578e-16  0.286801  0.012788  
CFPS-CFR_EX+IN  -0.0275784  -0.142604  0.151418  0.406645  0.183986  -0.250769  -0.168039  -0.286801  5.55112e-17  0.171736  
TIPS-CFR_EX+IN  -0.0206376  -0.137579  -0.187195  0.385316  0.189091  -0.176364  -0.113507  -0.012788  -0.171736  1.8735e-16  
t = 22
CFR  -5.55112e-17  -0.0213665  -0.0683882  0.21706  0.04971  -0.0689577  -0.138386  -0.102436  -0.127571  -0.109113  
CFR_EX+IN  0.0213665  1.249e-16  -0.0937394  0.258323  0.101042  -0.0185059  -0.145957  0.00400722  -0.0242035  -0.0904126  
CFR_IN  0.0683882  0.0937394  3.26128e-16  0.256881  0.14155  -0.0232984  0.0731506  0.0349125  -0.0842139  -0.0173077  
A-CFR_IN  -0.21706  -0.258323  -0.256881  8.18789e-16  -0.428041  -0.496034  -0.327571  -0.277122  -0.335812  -0.438243  
BPS-CFR  -0.04971  -0.101042  -0.14155  0.428041  1.11022e-16  -0.179098  -0.176355  -0.297905  -0.154391  -0.182334  
TIPS-CFR  0.0689577  0.0185059  0.0232984  0.496034  0.179098  2.22045e-16  0.126009  0.043537  0.395682  -0.150464  
CSPS-CFR  0.138386  0.145957  -0.0731506  0.327571  0.176355  -0.126009  0  -0.189277  -0.0611288  0.0841728  
CFPS-CFR  0.102436  -0.00400722  -0.0349125  0.277122  0.297905  -0.043537  0.189277  0  0.248116  -0.0738966  
CFPS-CFR_EX+IN  0.127571  0.0242035  0.0842139  0.335812  0.154391  -0.395682  0.0611288  -0.248116  1.66533e-16  0.0332318  
TIPS-CFR_EX+IN  0.109113  0.0904126  0.0173077  0.438243  0.182334  0.150464  -0.0841728  0.0738966  -0.0332318  6.93889e-17  
t = 23
CFR  0  -0.0908034  -0.0284665  -0.0169413  0.107016  -0.2011  -0.134141  -0.188236  -0.240965  -0.172496  
CFR_EX+IN  0.0908034  1.52656e-16  -0.0167689  0.291932  0.0912823  -0.138851  -0.112337  -0.0709172  -0.0842359  -0.171745  
CFR_IN  0.0284665  0.0167689  1.52656e-16  0.216009  0.136676  -0.0270954  0.150589  0.0449217  0.0245522  -0.071408  
A-CFR_IN  0.0169413  -0.291932  -0.216009  4.44089e-16  -0.309275  -0.385043  -0.309344  -0.310003  -0.155795  -0.316872  
BPS-CFR  -0.107016  -0.0912823  -0.136676  0.309275  2.77556e-17  -0.24351  -0.192934  -0.33936  0.0511445  -0.223225  
TIPS-CFR  0.2011  0.138851  0.0270954  0.385043  0.24351  5.55112e-17  -0.0610596  0.00120172  0.437885  -0.145364  
CSPS-CFR  0.134141  0.112337  -0.150589  0.309344  0.192934  0.0610596  1.38778e-16  -0.0354318  -0.0358683  -0.0323268  
CFPS-CFR  0.188236  0.0709172  -0.0449217  0.310003  0.33936  -0.00120172  0.0354318  1.66533e-16  0.277064  0.0241932  
CFPS-CFR_EX+IN  0.240965  0.0842359  -0.0245522  0.155795  -0.0511445  -0.437885  0.0358683  -0.277064  1.31839e-16  -0.171959  
TIPS-CFR_EX+IN  0.172496  0.171745  0.071408  0.316872  0.223225  0.145364  0.0323268  -0.0241932  0.171959  1.66533e-16  
t = 24
CFR  -3.46945e-18  -0.0916384  0.0281807  0.0489778  0.0660365  -0.133681  -0.0534336  -0.265876  -0.265049  -0.215867  
CFR_EX+IN  0.0916384  1.38778e-16  -0.0369025  0.0988519  0.106376  0.00128875  0.0554303  -0.17777  -0.0725117  -0.0463099  
CFR_IN  -0.0281807  0.0369025  2.77556e-16  0.283554  -0.000918254  0.0881899  -0.0578596  0.0419699  -0.0295516  -0.0812876  
A-CFR_IN  -0.0489778  -0.0988519  -0.283554  1.38778e-15  -0.127197  -0.359535  -0.259892  -0.359213  -0.253438  -0.277448  
BPS-CFR  -0.0660365  -0.106376  0.000918254  0.127197  -6.245e-17  -0.344943  -0.173339  -0.242713  0.0325906  -0.327429  
TIPS-CFR  0.133681  -0.00128875  -0.0881899  0.359535  0.344943  3.33067e-16  -0.0723583  -0.0128355  0.117609  -0.0280446  
CSPS-CFR  0.0534336  -0.0554303  0.0578596  0.259892  0.173339  0.0723583  1.80411e-16  -0.00847629  -0.0208948  -0.110941  
CFPS-CFR  0.265876  0.17777  -0.0419699  0.359213  0.242713  0.0128355  0.00847629  1.11022e-16  0.0772357  0.0256911  
CFPS-CFR_EX+IN  0.265049  0.0725117  0.0295516  0.253438  -0.0325906  -0.117609  0.0208948  -0.0772357  1.11022e-16  -0.102981  
TIPS-CFR_EX+IN  0.215867  0.0463099  0.0812876  0.277448  0.327429  0.0280446  0.110941  -0.0256911  0.102981  9.02056e-17  
t = 25
CFR  -5.55112e-17  -0.104775  -0.00870846  0.288957  0.0114906  -0.109933  0.0190101  -0.236029  -0.122044  -0.157136  
CFR_EX+IN  0.104775  1.11022e-16  0.0218547  0.234711  0.145612  -0.071026  -0.124058  -0.261399  -0.0184064  -0.032408  
CFR_IN  0.00870846  -0.0218547  2.08167e-16  0.360741  -0.124515  0.135826  0.108003  0.0422198  -0.133799  0.0346492  
A-CFR_IN  -0.288957  -0.234711  -0.360741  1.38778e-17  -0.304458  -0.401883  -0.331459  -0.518184  -0.194122  -0.400412  
BPS-CFR  -0.0114906  -0.145612  0.124515  0.304458  -1.38778e-17  -0.197241  -0.236614  -0.117849  0.0255326  -0.121001  
TIPS-CFR  0.109933  0.071026  -0.135826  0.401883  0.197241  8.32667e-17  -0.0903094  0.00968028  -0.0714181  -0.0616783  
CSPS-CFR  -0.0190101  0.124058  -0.108003  0.331459  0.236614  0.0903094  3.64292e-17  0.0218327  -0.0446164  -0.0485731  
CFPS-CFR  0.236029  0.261399  -0.0422198  0.518184  0.117849  -0.00968028  -0.0218327  6.93889e-16  0.116158  -0.0284717  
CFPS-CFR_EX+IN  0.122044  0.0184064  0.133799  0.194122  -0.0255326  0.0714181  0.0446164  -0.116158  8.32667e-17  -0.0292673  
TIPS-CFR_EX+IN  0.157136  0.032408  -0.0346492  0.400412  0.121001  0.0616783  0.0485731  0.0284717  0.0292673  8.32667e-17  
t = 26
CFR  0  0.0812308  0.0844684  0.413082  -0.135093  -0.184491  -0.21452  -0.133752  -0.0280969  -0.120153  
CFR_EX+IN  -0.0812308  1.11022e-16  -0.0165582  0.326924  -0.0303636  -0.135417  -0.090375  -0.109443  -0.171898  -0.071409  
CFR_IN  -0.0844684  0.0165582  3.60822e-16  0.317489  -0.184625  0.110383  0.0491566  0.0616425  -0.081298  -0.0139423  
A-CFR_IN  -0.413082  -0.326924  -0.317489  2.91434e-16  -0.460455  -0.282466  -0.439205  -0.367043  -0.595508  -0.37951  
BPS-CFR  0.135093  0.0303636  0.184625  0.460455  0  -0.107793  0.0242371  0.00660918  0.0432465  0.23681  
TIPS-CFR  0.184491  0.135417  -0.110383  0.282466  0.107793  1.38778e-16  -0.104368  -0.0255464  -0.0191102  -0.0194739  
CSPS-CFR  0.21452  0.090375  -0.0491566  0.439205  -0.0242371  0.104368  1.66533e-16  0.0633318  -0.0357245  -0.0764621  
CFPS-CFR  0.133752  0.109443  -0.0616425  0.367043  -0.00660918  0.0255464  -0.0633318  3.67761e-16  0.0754013  0.00711361  
CFPS-CFR_EX+IN  0.0280969  0.171898  0.081298  0.595508  -0.0432465  0.0191102  0.0357245  -0.0754013  3.33067e-16  0.000449798  
TIPS-CFR_EX+IN  0.120153  0.071409  0.0139423  0.37951  -0.23681  0.0194739  0.0764621  -0.00711361  -0.000449798  2.08167e-16  
t = 27
CFR  6.93889e-17  0.168049  0.100144  0.405847  -0.09171  -0.0727054  -0.196989  0.0288187  0.127018  -0.00401069  
CFR_EX+IN  -0.168049  5.55112e-17  -0.0278165  0.359718  -0.0241701  0.0648262  -0.0195192  0.0688528  0.0182646  -0.090788  
CFR_IN  -0.100144  0.0278165  2.22045e-16  0.245499  -0.180979  0.00165591  0.000628496  0.0427307  0.161102  -0.125469  
A-CFR_IN  -0.405847  -0.359718  -0.245499  6.93889e-17  -0.575466  -0.49425  -0.304466  -0.166362  -0.456381  -0.275623  
BPS-CFR  0.09171  0.0241701  0.180979  0.575466  0  -0.0630138  0.126585  0.0852201  0.013838  0.386105  
TIPS-CFR  0.0727054  -0.0648262  -0.00165591  0.49425  0.0630138  2.498e-16  -0.0837172  -0.00407548  0.00758055  0.0335394  
CSPS-CFR  0.196989  0.0195192  -0.000628496  0.304466  -0.126585  0.0837172  1.04083e-16  0.102788  -0.020878  -0.0576555  
CFPS-CFR  -0.0288187  -0.0688528  -0.0427307  0.166362  -0.0852201  0.00407548  -0.102788  3.19189e-16  -0.039549  0.0125904  
CFPS-CFR_EX+IN  -0.127018  -0.0182646  -0.161102  0.456381  -0.013838  -0.00758055  0.020878  0.039549  5.55112e-17  0.388865  
TIPS-CFR_EX+IN  0.00401069  0.090788  0.125469  0.275623  -0.386105  -0.0335394  0.0576555  -0.0125904  -0.388865  1.11022e-16  
t = 28
CFR  1.11022e-16  0.0127241  0.116928  0.300531  0.060269  0.0282307  -0.164521  0.0783128  0.131661  0.0732518  
CFR_EX+IN  -0.0127241  1.66533e-16  -0.0774137  0.535464  0.206144  0.0920865  -0.0389068  0.0495989  0.18279  -0.120374  
CFR_IN  -0.116928  0.0774137  1.11022e-16  0.255604  0.00555167  -0.134099  0.021754  -0.114411  0.102383  -0.0956999  
A-CFR_IN  -0.300531  -0.535464  -0.255604  2.91434e-16  -0.293444  -0.211298  -0.201533  -0.0979287  -0.319065  -0.321621  
BPS-CFR  -0.060269  -0.206144  -0.00555167  0.293444  0  -0.0383889  0.0683  0.00266577  -0.0326435  0.0480719  
TIPS-CFR  -0.0282307  -0.0920865  0.134099  0.211298  0.0383889  2.498e-16  -0.0741984  0.081855  -0.0351029  0.0399285  
CSPS-CFR  0.164521  0.0389068  -0.021754  0.201533  -0.0683  0.0741984  9.71445e-17  0.113147  0.0522088  0.0182701  
CFPS-CFR  -0.0783128  -0.0495989  0.114411  0.0979287  -0.00266577  -0.081855  -0.113147  2.498e-16  -0.17956  -0.0242078  
CFPS-CFR_EX+IN  -0.131661  -0.18279  -0.102383  0.319065  0.0326435  0.0351029  -0.0522088  0.17956  1.11022e-16  0.146091  
TIPS-CFR_EX+IN  -0.0732518  0.120374  0.0956999  0.321621  -0.0480719  -0.0399285  -0.0182701  0.0242078  -0.146091  4.27609e-16  
t = 29
CFR  -5.55112e-17  0.0381969  -0.00979351  0.22869  0.103002  0.0370617  -0.148449  0.128248  0.0699648  0.0771753  
CFR_EX+IN  -0.0381969  -4.16334e-17  -0.151363  0.307773  0.117959  0.238536  -0.112443  0.0200876  -0.282617  0.111339  
CFR_IN  0.00979351  0.151363  0  0.247245  0.0938062  -0.0721484  0.0689726  -0.100441  -0.036797  0.0187615  
A-CFR_IN  -0.22869  -0.307773  -0.247245  1.33227e-15  -0.225662  -0.184078  -0.207661  -0.258265  -0.0335547  -0.362982  
BPS-CFR  -0.103002  -0.117959  -0.0938062  0.225662  0  -0.00774432  0.00714568  0.0539984  -0.0332444  -0.122691  
TIPS-CFR  -0.0370617  -0.238536  0.0721484  0.184078  0.00774432  1.94289e-16  -0.0491896  0.0489562  -0.0977655  -0.0887743  
CSPS-CFR  0.148449  0.112443  -0.0689726  0.207661  -0.00714568  0.0491896  5.55112e-17  0.0311932  0.10347  0.0225914  
CFPS-CFR  -0.128248  -0.0200876  0.100441  0.258265  -0.0539984  -0.0489562  -0.0311932  3.88578e-16  -0.169467  -0.0684346  
CFPS-CFR_EX+IN  -0.0699648  0.282617  0.036797  0.0335547  0.0332444  0.0977655  -0.10347  0.169467  6.245e-17  -0.140001  
TIPS-CFR_EX+IN  -0.0771753  -0.111339  -0.0187615  0.362982  0.122691  0.0887743  -0.0225914  0.0684346  0.140001  2.08167e-16  
t = 30
CFR  4.16334e-17  -0.0169176  -0.0361325  0.190576  0.111352  0.0404265  0.0290655  0.0392975  0.0162625  0.11179  
CFR_EX+IN  0.0169176  8.32667e-17  -0.0233241  0.231871  -0.19859  0.0969674  -0.111915  0.0691924  0.0827636  0.0252521  
CFR_IN  0.0361325  0.0233241  1.11022e-16  0.250875  0.162594  -0.0093389  0.00945778  0.0516666  -0.0506564  0.0484969  
A-CFR_IN  -0.190576  -0.231871  -0.250875  6.10623e-16  -0.353534  -0.260214  -0.525617  -0.298536  -0.163387  -0.544884  
BPS-CFR  -0.111352  0.19859  -0.162594  0.353534  -6.93889e-17  0.0906617  -0.0496999  0.0556263  -0.00795464  -0.0933904  
TIPS-CFR  -0.0404265  -0.0969674  0.0093389  0.260214  -0.0906617  1.66533e-16  -0.0433657  -0.0488281  -0.0925791  -0.157089  
CSPS-CFR  -0.0290655  0.111915  -0.00945778  0.525617  0.0496999  0.0433657  -6.93889e-17  0.00498814  0.0972174  -0.0252844  
CFPS-CFR  -0.0392975  -0.0691924  -0.0516666  0.298536  -0.0556263  0.0488281  -0.00498814  4.44089e-16  -0.00812017  -0.105524  
CFPS-CFR_EX+IN  -0.0162625  -0.0827636  0.0506564  0.163387  0.00795464  0.0925791  -0.0972174  0.00812017  1.11022e-16  -0.332146  
TIPS-CFR_EX+IN  -0.11179  -0.0252521  -0.0484969  0.544884  0.0933904  0.157089  0.0252844  0.105524  0.332146  2.46331e-16  
t = 31
CFR  0  -0.0347109  -0.083851  0.254472  0.0993102  0.0447951  0.178925  -0.0157964  -0.0204396  0.0175881  
CFR_EX+IN  0.0347109  5.55112e-17  0.0314271  0.223462  0.0555521  0.00861497  -0.165726  0.0652952  0.186052  -0.0731485  
CFR_IN  0.083851  -0.0314271  9.71445e-17  0.317857  0.169761  -0.0100079  -0.1099  -0.0199868  -0.00663993  0.0646958  
A-CFR_IN  -0.254472  -0.223462  -0.317857  6.245e-16  -0.179913  -0.331334  -0.287985  -0.337944  -0.393891  -0.212973  
BPS-CFR  -0.0993102  -0.0555521  -0.169761  0.179913  -1.38778e-17  0.12022  -0.0899497  0.10219  0.0299842  -0.0312144  
TIPS-CFR  -0.0447951  -0.00861497  0.0100079  0.331334  -0.12022  6.05418e-16  -0.0785501  -0.169637  -0.0374796  -0.147716  
CSPS-CFR  -0.178925  0.165726  0.1099  0.287985  0.0899497  0.0785501  1.11022e-16  0.159226  0.042414  -0.0469541  
CFPS-CFR  0.0157964  -0.0652952  0.0199868  0.337944  -0.10219  0.169637  -0.159226  2.77556e-16  -0.0625032  -0.105723  
CFPS-CFR_EX+IN  0.0204396  -0.186052  0.00663993  0.393891  -0.0299842  0.0374796  -0.042414  0.0625032  1.66533e-16  -0.290208  
TIPS-CFR_EX+IN  -0.0175881  0.0731485  -0.0646958  0.212973  0.0312144  0.147716  0.0469541  0.105723  0.290208  2.42861e-16  
t = 32
CFR  0  -0.00914129  -0.0938775  0.247604  0.0657001  0.0149253  0.134519  0.00597088  0.0344408  -0.224054  
CFR_EX+IN  0.00914129  1.11022e-16  0.0764189  0.211489  0.112369  0.0428605  -0.177616  0.122515  -0.0426547  -0.10599  
CFR_IN  0.0938775  -0.0764189  1.59595e-16  0.341735  0.09348  -0.00394703  -0.152963  -0.163353  0.0741294  0.10327  
A-CFR_IN  -0.247604  -0.211489  -0.341735  1.1241e-15  -0.194326  -0.370911  -0.290466  -0.26582  -0.430319  -0.165106  
BPS-CFR  -0.0657001  -0.112369  -0.09348  0.194326  6.93889e-18  0.110031  -0.0862093  0.213065  0.0308607  0.0532223  
