learner/env  CFR  CFR_IN  A-CFR_IN  BPS-CFR  TIPS-CFR  CSPS-CFR  CFPS-CFR  
t = 0
CFR  3.46945e-18  3.46945e-18  3.46945e-18  3.46945e-18  3.46945e-18  3.46945e-18  3.46945e-18  
CFR_IN  3.46945e-18  3.46945e-18  3.46945e-18  3.46945e-18  3.46945e-18  3.46945e-18  3.46945e-18  
A-CFR_IN  3.46945e-18  3.46945e-18  3.46945e-18  3.46945e-18  3.46945e-18  3.46945e-18  3.46945e-18  
BPS-CFR  3.46945e-18  3.46945e-18  3.46945e-18  3.46945e-18  3.46945e-18  3.46945e-18  3.46945e-18  
TIPS-CFR  3.46945e-18  3.46945e-18  3.46945e-18  3.46945e-18  3.46945e-18  3.46945e-18  3.46945e-18  
CSPS-CFR  3.46945e-18  3.46945e-18  3.46945e-18  3.46945e-18  3.46945e-18  3.46945e-18  3.46945e-18  
CFPS-CFR  3.46945e-18  3.46945e-18  3.46945e-18  3.46945e-18  3.46945e-18  3.46945e-18  3.46945e-18  
t = 1
CFR  3.46945e-18  -0.0361853  -0.0361853  0  -0.0361853  -0.0263817  -0.0361853  
CFR_IN  0.0361853  2.11568e-16  1.53599e-16  0.0361853  1.47727e-16  3.25943e-17  1.23025e-16  
A-CFR_IN  0.0361853  4.73717e-16  4.15748e-16  0.0361853  4.09875e-16  3.12925e-16  3.85173e-16  
BPS-CFR  3.46945e-18  -0.0361853  -0.0361853  0  -0.0361853  -0.0263817  -0.0361853  
TIPS-CFR  0.0361853  2.75653e-16  2.17685e-16  0.0361853  2.11812e-16  9.66797e-17  1.8711e-16  
CSPS-CFR  0.0263817  3.96995e-16  3.39027e-16  0.0263817  3.33154e-16  2.18022e-16  3.08452e-16  
CFPS-CFR  0.0361853  2.9366e-16  2.35691e-16  0.0361853  2.29819e-16  1.14686e-16  2.05117e-16  
t = 2
CFR  6.93889e-18  -0.0689049  0.160328  -0.000557467  -0.0682916  -0.0841713  -0.0683194  
CFR_IN  0.0689049  7.06661e-05  0.273129  0.0691114  0.000128549  -0.0155705  7.2646e-05  
A-CFR_IN  -0.160328  -0.27302  3.91847e-05  -0.160376  -0.271561  -0.273684  -0.27234  
BPS-CFR  0.000557467  -0.0691114  0.160376  0  -0.0684982  -0.0842975  -0.0685259  
TIPS-CFR  0.0682916  6.87594e-05  0.271727  0.0684982  0.000126643  -0.0155738  7.07394e-05  
CSPS-CFR  0.0841713  0.0155705  0.273713  0.0842975  0.0155738  -8.13152e-17  0.0155677  
CFPS-CFR  0.0683194  7.26611e-05  0.272454  0.0685259  0.000130544  -0.0155677  7.46411e-05  
t = 3
CFR  -1.38778e-17  -0.269316  0.149457  -0.00140924  -0.272455  -0.243077  -0.272788  
CFR_IN  0.269316  8.85738e-06  0.208741  0.265177  -0.00367658  -0.0280999  -0.00132087  
A-CFR_IN  -0.149384  -0.208554  8.60423e-16  -0.153631  -0.216574  -0.20452  -0.206982  
BPS-CFR  0.00140924  -0.265177  0.153703  1.73472e-18  -0.268763  -0.239409  -0.268785  
TIPS-CFR  0.272455  0.00372827  0.216982  0.268334  4.07796e-16  -0.0279037  0.00237538  
CSPS-CFR  0.243077  0.0280951  0.204515  0.239409  0.0278981  2.61076e-16  0.028123  
CFPS-CFR  0.272788  0.00144021  0.207431  0.268785  -0.0022221  -0.0281288  0.000110537  
t = 4
CFR  -6.93889e-18  0.169868  0.0260343  -0.00138514  0.165149  0.119754  0.164436  
CFR_IN  -0.169868  2.77556e-17  -0.0612273  -0.116571  -0.0364972  -0.149515  -0.0343606  
A-CFR_IN  -0.0249356  0.0612273  5.13478e-16  0.0367208  -0.0211256  -0.0807836  0.0603118  
BPS-CFR  0.00138514  0.116571  -0.0365293  0  0.157808  0.114823  0.108762  
TIPS-CFR  -0.165149  0.0364972  0.0208401  -0.157808  0  -0.143718  0.00255859  
CSPS-CFR  -0.119754  0.149515  0.0807836  -0.114823  0.143718  1.59595e-16  0.142139  
CFPS-CFR  -0.164436  0.0343606  -0.0603118  -0.108762  -0.00255859  -0.142139  0  
t = 5
CFR  -1.73472e-18  0.0752023  -0.343608  -0.0294224  -0.032128  0.0427619  0.0101777  
CFR_IN  -0.0752023  2.498e-16  -0.195226  -0.113213  -0.0409151  0.131311  -0.0668572  
A-CFR_IN  0.343608  0.195226  8.32667e-16  0.354396  0.0425257  0.108797  0.0801648  
BPS-CFR  0.0294224  0.113213  -0.354396  -3.46945e-18  -0.0356764  0.0697727  0.0728204  
TIPS-CFR  0.032128  0.0409151  -0.0425089  0.0356764  1.59595e-16  0.115755  -0.0122229  
CSPS-CFR  -0.0427619  -0.131308  -0.108701  -0.0697727  -0.115755  -1.56125e-17  -0.124399  
CFPS-CFR  -0.0101777  0.0668572  -0.0801648  -0.0728204  0.0122229  0.124399  1.68268e-16  
t = 6
CFR  0  -0.111826  -0.121903  -0.032029  -0.236168  -0.100294  -0.129678  
CFR_IN  0.111826  1.11022e-16  0.0145584  0.0603788  -0.0141722  0.151606  -0.0105024  
A-CFR_IN  0.121903  -0.0145544  4.996e-16  -0.0174725  0.20498  0.125651  0.104618  
BPS-CFR  0.032029  -0.0603788  0.0174725  -1.38778e-17  -0.215791  -0.0767298  -0.113805  
TIPS-CFR  0.236168  0.0141722  -0.20498  0.215791  2.77556e-17  0.228332  0.0120042  
CSPS-CFR  0.100294  -0.151606  -0.125651  0.0767298  -0.228332  8.32667e-17  -0.251074  
CFPS-CFR  0.129678  0.0105024  -0.104618  0.113805  -0.0120042  0.251074  -1.38778e-17  
t = 7
CFR  0  -0.172648  0.150768  -0.0241781  -0.125913  -0.0877477  -0.259986  
CFR_IN  0.172648  1.52656e-16  -0.0941349  0.100249  -0.15549  0.229984  -0.0965358  
A-CFR_IN  -0.150768  0.0941349  5.55112e-16  -0.222003  0.0671001  0.149517  0.0418636  
BPS-CFR  0.0241781  -0.100249  0.222003  -1.38778e-17  -0.0465564  -0.0983922  -0.142876  
TIPS-CFR  0.125913  0.15549  -0.0671001  0.04697  -2.08167e-17  0.0912251  0.0362694  
CSPS-CFR  0.0877477  -0.229984  -0.149517  0.0983922  -0.0912251  2.98372e-16  -0.0792417  
CFPS-CFR  0.259986  0.0965358  -0.0418636  0.142876  -0.0362694  0.0792417  9.02056e-17  
t = 8
CFR  -6.93889e-18  -0.196404  0.157262  0.0512164  -0.0692327  -0.189522  -0.149255  
CFR_IN  0.196404  2.77556e-16  0.0225875  0.15881  0.250376  -0.102931  0.175023  
A-CFR_IN  -0.157262  -0.0225875  4.44089e-16  -0.230555  -0.243619  0.109822  -0.054388  
BPS-CFR  -0.0512164  -0.15881  0.230555  6.93889e-18  0.000179565  -0.169564  -0.136474  
TIPS-CFR  0.0692327  -0.250376  0.243619  -0.000179565  1.11022e-16  -0.0762771  0.00586996  
CSPS-CFR  0.189522  0.102931  -0.109822  0.169564  0.0762771  1.94289e-16  0.165643  
CFPS-CFR  0.149255  -0.175023  0.054388  0.136474  -0.00586996  -0.165643  5.55112e-17  
t = 9
CFR  0  -0.0156203  0.154909  0.0208875  -0.0736303  -0.122809  -0.0538199  
CFR_IN  0.0156203  -6.93889e-17  -0.0202012  -0.0646918  -0.00519628  -0.225681  0.0041571  
A-CFR_IN  -0.154909  0.0202012  4.71845e-16  -0.146809  -0.290141  0.0657626  -0.179277  
BPS-CFR  -0.0208875  0.0646918  0.146809  0  -0.058595  -0.077418  -0.039682  
TIPS-CFR  0.0736303  0.00519628  0.290141  0.058595  1.11022e-16  -0.0753184  -0.00146685  
CSPS-CFR  0.122809  0.225681  -0.0657626  0.077418  0.0753184  1.75207e-16  -0.0323531  
CFPS-CFR  0.0538199  -0.0041571  0.179277  0.039682  0.00146685  0.0323531  5.20417e-17  
t = 10
CFR  -1.38778e-17  0.0378218  0.240138  -0.0530489  -0.240748  -0.130203  -0.0222289  
CFR_IN  -0.0378218  2.77556e-17  0.139524  0.0286721  0.0281898  -0.200735  0.0670292  
A-CFR_IN  -0.240138  -0.139524  1.47952e-06  -0.19345  -0.172342  -0.19822  -0.0275854  
BPS-CFR  0.0530489  -0.0286721  0.19345  0  -0.231202  -0.0926255  -0.0390078  
TIPS-CFR  0.240748  -0.0281898  0.171501  0.231202  6.93889e-18  -0.173086  -0.0251072  
CSPS-CFR  0.130203  0.200735  0.19822  0.0926255  0.173086  2.35922e-16  0.341217  
CFPS-CFR  0.0222289  -0.0670292  0.0275854  0.0390078  0.0251072  -0.341217  3.26128e-16  
t = 11
CFR  0  -0.043354  0.13094  -0.0837048  -0.205588  -0.176152  -0.140027  
CFR_IN  0.043354  2.22045e-16  0.0405364  0.0134126  -0.0203419  -0.229756  -0.0156554  
A-CFR_IN  -0.13094  -0.0405364  5.55112e-16  -0.272349  -0.133591  -0.378499  -0.10701  
BPS-CFR  0.0837048  -0.0134126  0.272349  0  0.00479484  -0.142854  7.89154e-05  
TIPS-CFR  0.205588  0.0203419  0.133591  -0.00479484  2.77556e-17  -0.0332908  0.00109269  
CSPS-CFR  0.176152  0.229756  0.378499  0.142854  0.0332908  2.32453e-16  0.132505  
CFPS-CFR  0.140027  0.0156554  0.106913  -7.89154e-05  -0.00109269  -0.132505  3.05311e-16  
t = 12
CFR  5.20417e-18  -0.120675  0.00571498  -0.0270481  0.0838166  -0.0529793  0.0429152  
CFR_IN  0.120675  1.66533e-16  0.166973  0.113357  -0.039579  -0.117626  0.0663389  
A-CFR_IN  -0.00571498  -0.166973  4.44089e-16  -0.220567  0.32363  -0.287675  -0.0181895  
BPS-CFR  0.0270481  -0.113357  0.220567  -4.11997e-18  0.0404339  -0.0284046  0.0444256  
TIPS-CFR  -0.0838166  0.039579  -0.32363  -0.0404339  1.76942e-16  0.0392889  -0.0260744  
CSPS-CFR  0.0529793  0.117626  0.287675  0.0284046  -0.0392889  1.42247e-16  -0.0274749  
CFPS-CFR  -0.0429152  -0.0663389  0.0181895  -0.0444256  0.0260744  0.0274749  1.249e-16  
t = 13
CFR  0  -0.0650764  0.0727768  -0.0213695  0.119656  0.044987  0.0656396  
CFR_IN  0.0650764  1.52656e-16  0.170581  0.100382  0.00228888  0.0236098  0.0173703  
A-CFR_IN  -0.0727768  -0.170581  3.33067e-16  -0.01111  0.118966  -0.0999973  -0.0122551  
BPS-CFR  0.0213695  -0.100382  0.01111  0  0.109976  0.0759845  0.0202939  
TIPS-CFR  -0.119656  -0.00228888  -0.118966  -0.109976  1.12757e-16  0.0309503  0.0951789  
CSPS-CFR  -0.044987  -0.0236098  0.0999973  -0.0759845  -0.0309503  5.55112e-17  -0.110715  
CFPS-CFR  -0.0656396  -0.0173703  0.0122551  -0.0202939  -0.0951789  0.110715  9.71445e-17  
t = 14
CFR  -6.93889e-18  -0.0804415  0.131464  -0.0230471  -0.0346598  0.120287  -0.0560277  
CFR_IN  0.0804415  0  -0.0102025  0.0512366  -0.0375351  0.0996428  -0.0446284  
A-CFR_IN  -0.131464  0.0102025  6.93889e-16  -0.0304326  -0.350009  -0.0933007  -0.171229  
BPS-CFR  0.0230471  -0.0512366  0.0304326  0  -0.00717875  0.0475853  -0.0130246  
TIPS-CFR  0.0346598  0.0375351  0.350009  0.00717875  -2.77556e-17  0.0420505  0.0265186  
CSPS-CFR  -0.120287  -0.0996428  0.0933007  -0.0475853  -0.0420505  0  -0.0948187  
CFPS-CFR  0.0560277  0.0446284  0.171229  0.0130246  -0.0265186  0.0948187  1.38778e-16  
t = 15
CFR  0  -0.030695  0.00430439  -0.131728  -0.147128  -0.00500052  -0.103902  
CFR_IN  0.030695  1.38778e-17  0.0772919  0.109246  -0.0926683  0.102433  -0.0857533  
A-CFR_IN  -0.00430439  -0.0772919  1.05471e-15  -0.0945264  -0.377834  0.104659  -0.268405  
BPS-CFR  0.131728  -0.109246  0.0945264  2.77556e-17  -0.119622  -0.0531083  -0.0341988  
TIPS-CFR  0.147128  0.0926683  0.377834  0.119622  1.31839e-16  0.0215576  -0.113255  
CSPS-CFR  0.00500052  -0.102433  -0.104659  0.0531083  -0.0215576  1.38778e-16  -0.139475  
CFPS-CFR  0.103902  0.0857533  0.268405  0.0341988  0.113255  0.139475  -1.21431e-17  
t = 16
CFR  -1.38778e-17  -0.258563  0.0603649  -0.0224964  -0.205173  -0.225157  -0.139654  
CFR_IN  0.258563  4.85723e-17  0.306137  -0.0695637  0.00346512  -0.0867475  -0.172367  
A-CFR_IN  -0.0603649  -0.306137  4.996e-16  -0.0832462  -0.450715  -0.14611  -0.399932  
BPS-CFR  0.0224964  0.0695637  0.0832462  0  -0.307452  -0.211933  -0.240321  
TIPS-CFR  0.205173  -0.00346512  0.450715  0.307452  1.35308e-16  -0.0729486  -0.0166662  
CSPS-CFR  0.225157  0.0867475  0.14611  0.211933  0.0729479  8.32667e-17  0.156362  
CFPS-CFR  0.139654  0.172367  0.399932  0.240321  0.0166695  -0.156362  4.78784e-16  
t = 17
CFR  3.46945e-18  -0.0552262  0.0937526  0.0346795  -0.320715  -0.0706573  -0.27459  
CFR_IN  0.0552262  -1.38778e-17  0.376702  0.0502795  -0.018556  -0.20157  -0.0973987  
A-CFR_IN  -0.0937526  -0.376702  2.77556e-16  0.0297655  -0.277193  -0.252885  -0.302493  
BPS-CFR  -0.0346795  -0.0502795  -0.0297655  1.21431e-17  -0.0362036  -0.0411487  -0.0671129  
TIPS-CFR  0.320715  0.018556  0.277193  0.0362036  1.66533e-16  -0.269923  -0.0786648  
CSPS-CFR  0.0706573  0.20157  0.252885  0.0411487  0.269923  9.02056e-17  0.214087  
CFPS-CFR  0.27459  0.0973987  0.302493  0.0671129  0.0786648  -0.214087  -4.16334e-17  
t = 18
CFR  8.67362e-18  -0.0594776  0.0777391  0.0701005  0.0377447  -0.160636  0.00409508  
CFR_IN  0.0594776  8.32667e-17  0.238589  0.0610914  -0.0244864  -0.0984343  0.0207499  
A-CFR_IN  -0.0777391  -0.238589  6.10623e-16  -0.0152048  -0.291894  0.103433  -0.249668  
BPS-CFR  -0.0701005  -0.0610914  0.0152048  3.46945e-18  -0.131433  -0.0608372  -0.0976618  
TIPS-CFR  -0.0377447  0.0244864  0.291894  0.131433  4.44089e-16  -0.0480228  -0.106768  
CSPS-CFR  0.160636  0.0984343  -0.103433  0.0608372  0.0480228  -6.93889e-18  0.0950168  
CFPS-CFR  -0.00409508  -0.0207499  0.249668  0.0976618  0.106768  -0.0950168  -9.71445e-17  
t = 19
CFR  6.93889e-18  -0.0377964  0.147173  0.154468  -0.0131496  -0.100805  -0.113225  
CFR_IN  0.0377964  2.77556e-17  0.219636  0.0787042  -0.0070838  0.112762  -0.00839822  
A-CFR_IN  -0.147173  -0.217861  6.93889e-16  -0.0731661  -0.0720428  -0.0553042  -0.117385  
BPS-CFR  -0.154468  -0.0787042  0.0731661  -1.04083e-17  -0.083188  -0.0171435  -0.0635123  
TIPS-CFR  0.0131496  0.0070838  0.0720428  0.083188  1.52656e-16  0.0876969  -0.0371163  
CSPS-CFR  0.100805  -0.112762  0.0553042  0.0171435  -0.0876969  1.94289e-16  -0.0437737  
CFPS-CFR  0.113225  0.00839822  0.117385  0.0635123  0.0371163  0.0437737  1.11022e-16  
t = 20
CFR  -1.38778e-17  -0.0894779  0.157528  0.090689  -0.108666  -0.0799078  -0.0942707  
CFR_IN  0.0894779  -5.55112e-17  0.202093  0.0597176  0.0535004  0.23732  -0.0426845  
A-CFR_IN  -0.157528  -0.202093  6.38378e-16  -0.113761  0.152498  -0.0548365  -0.192473  
BPS-CFR  -0.090689  -0.0597176  0.113761  -3.46945e-18  -0.0178985  -0.0663052  -0.0855888  
TIPS-CFR  0.108666  -0.0535004  -0.152498  0.0178985  1.8735e-16  0.0370983  -0.00108766  
CSPS-CFR  0.0799078  -0.23732  0.0548365  0.0663052  -0.0370983  0  -0.0253928  
CFPS-CFR  0.0942707  0.0426845  0.192473  0.0855888  0.00108766  0.0253928  2.77556e-17  
t = 21
CFR  -1.73472e-18  -0.098287  0.192653  -0.049281  -0.0425276  -0.0670315  -0.0282195  
CFR_IN  0.098287  2.77556e-17  0.234232  -0.0112867  -0.0328347  0.0118056  -0.0472013  
A-CFR_IN  -0.192653  -0.234232  9.99201e-16  -0.0489903  -0.118725  -0.401338  -0.167801  
BPS-CFR  0.049281  0.0112867  0.0489903  -6.93889e-18  0.00646295  -0.0291879  0.0146551  
TIPS-CFR  0.0425276  0.0328347  0.118725  -0.00646295  1.249e-16  0.152226  0.0199244  
CSPS-CFR  0.0670315  -0.0118056  0.401338  0.0291879  -0.152226  4.85723e-17  -0.0524193  
CFPS-CFR  0.0282195  0.0472013  0.167801  -0.0146551  -0.0199244  0.0524193  1.11022e-16  
t = 22
CFR  -1.38778e-17  -0.047307  0.125661  -0.165201  -0.0227172  -0.0117211  0.0532701  
CFR_IN  0.047307  8.32667e-17  0.194457  -0.0309998  -0.0626465  0.0731212  0.0572679  
A-CFR_IN  -0.125661  -0.194457  4.78784e-16  0.0615207  -0.111604  -0.288723  -0.253556  
BPS-CFR  0.165201  0.0309998  -0.0615207  1.38778e-17  -0.0215557  0.0330449  0.0743675  
TIPS-CFR  0.0227172  0.0626465  0.111625  0.0215557  2.08167e-16  0.221638  0.0595857  
CSPS-CFR  0.0117211  -0.0731212  0.288723  -0.0330449  -0.221638  8.67362e-17  -0.1602  
CFPS-CFR  -0.0532701  -0.0572679  0.253556  -0.0743675  -0.0595857  0.1602  1.66533e-16  
t = 23
CFR  6.93889e-18  0.0669856  0.176344  -0.0145153  -0.0222946  0.0901848  0.0316347  
CFR_IN  -0.0669856  8.32667e-17  0.0367941  -0.0248  -0.054791  0.111475  0.026231  
A-CFR_IN  -0.176344  -0.0367941  1.36696e-15  0.049887  0.0296212  -0.255455  -0.192072  
BPS-CFR  0.0145153  0.0248  -0.049887  -3.46945e-18  -0.00325039  0.0133827  0.00197761  
TIPS-CFR  0.0222946  0.054791  -0.0296212  0.00325039  2.22045e-16  0.101633  0.0497696  
CSPS-CFR  -0.0901848  -0.111475  0.255455  -0.0133827  -0.101633  2.77556e-17  -0.215338  
CFPS-CFR  -0.0316347  -0.026231  0.192072  -0.00197761  -0.0497696  0.215338  3.05311e-16  
t = 24
CFR  6.93889e-18  0.0687759  0.166472  0.0580562  0.0199225  0.0941181  -0.0240533  
CFR_IN  -0.0687759  1.07553e-16  -0.0873325  -0.0214595  -0.0398882  0.130559  -0.0592012  
A-CFR_IN  -0.166472  0.0873325  3.40006e-16  -0.0300186  -0.119409  -0.323866  -0.200595  
BPS-CFR  -0.0580562  0.0214595  0.0300186  0  -0.0216272  -0.00896587  -0.0660826  
TIPS-CFR  -0.0199225  0.0398882  0.119409  0.0216272  2.22045e-16  0.0954334  0.0832989  
CSPS-CFR  -0.0941181  -0.130559  0.323866  0.00896587  -0.0954334  2.77556e-17  -0.185601  
CFPS-CFR  0.0240533  0.0592012  0.200595  0.0660826  -0.0832989  0.185601  3.88578e-16  
t = 25
CFR  0  -0.0285236  -0.0679882  0.136114  -0.0239061  0.0334761  -0.0711165  
CFR_IN  0.0285236  1.11022e-16  0.0176875  0.0470767  -0.140419  0.0980708  -0.0795721  
A-CFR_IN  0.0679882  -0.0176875  1.40513e-15  -0.14623  -0.0633363  -0.456887  -0.033762  
BPS-CFR  -0.136114  -0.0470767  0.14623  -6.93889e-18  -0.0746429  -0.0387629  -0.077404  
TIPS-CFR  0.0239061  0.140419  0.0633363  0.0746429  1.38778e-16  0.103735  0.00237331  
CSPS-CFR  -0.0334761  -0.0980708  0.456887  0.0387629  -0.103735  5.72459e-17  -0.0626267  
CFPS-CFR  0.0711165  0.0795721  0.033762  0.077404  -0.00237331  0.0626267  2.22045e-16  
t = 26
CFR  6.07153e-18  0.00151238  -0.283932  0.143694  -0.0683054  -0.0126035  -0.102839  
CFR_IN  -0.00151238  1.04083e-16  0.0603208  0.0733407  -0.122322  -0.0592814  -0.0985141  
A-CFR_IN  0.283932  -0.0603208  6.03684e-16  -0.28027  0.0224888  -0.283559  0.017853  
BPS-CFR  -0.143694  -0.0733407  0.28027  1.38778e-17  -0.0830709  -0.0155728  -0.0335676  
TIPS-CFR  0.0683054  0.122322  -0.0224888  0.0830709  2.08167e-16  0.0553303  -0.020423  
CSPS-CFR  0.0126035  0.0592814  0.283559  0.0155728  -0.0553303  7.63278e-17  -0.0844366  
CFPS-CFR  0.102839  0.0985141  -0.017853  0.0335676  0.020423  0.0844366  1.66533e-16  
t = 27
CFR  5.20417e-18  0.0530647  -0.251717  0.0482191  -0.0597689  -0.0222713  -0.130653  
CFR_IN  -0.0530647  1.11022e-16  0.00994695  -0.0573399  -0.0537008  -0.157073  -0.119157  
A-CFR_IN  0.251717  -0.00994695  6.10623e-16  -0.165315  0.0569856  -0.00194595  0.00522  
BPS-CFR  -0.0482191  0.0573399  0.165315  -1.04083e-17  -0.0306002  0.0228691  -0.0374917  
TIPS-CFR  0.0597689  0.0537008  -0.0569856  0.0306002  2.22045e-16  0.0291287  -0.0620855  
CSPS-CFR  0.0222713  0.157073  0.00194595  -0.0228691  -0.0291287  -1.38778e-17  -0.017027  
CFPS-CFR  0.130653  0.119157  -0.00522  0.0374917  0.0620855  0.017027  0  
t = 28
CFR  5.20417e-18  -0.0163511  -0.116782  -0.0650952  0.000731352  -0.057887  -0.140887  
CFR_IN  0.0163511  5.55112e-17  0.0532543  -0.150408  -0.0293907  -0.00710241  -0.101344  
A-CFR_IN  0.117355  -0.0532543  9.99201e-16  -0.0409253  -0.0033057  0.124589  -0.00283303  
BPS-CFR  0.0650952  0.150408  0.0409253  -2.60209e-18  0.020851  0.0596266  -0.0288815  
TIPS-CFR  -0.000731352  0.0293907  0.0033057  -0.020851  8.32667e-17  0.00244909  -0.0719023  
CSPS-CFR  0.057887  0.00710241  -0.124589  -0.0596266  -0.00244909  2.77556e-17  0.0553378  
CFPS-CFR  0.140887  0.101344  0.00283303  0.0288815  0.0719023  -0.0553378  -2.77556e-17  
t = 29
CFR  0  -0.0323151  0.0792582  -0.122722  -0.0111756  -0.0397764  -0.0595149  
CFR_IN  0.0323151  1.21431e-16  0.0225567  -0.135142  -0.0402909  0.0377304  -0.0640283  
A-CFR_IN  -0.0792582  -0.0225567  1.0417e-15  -0.12619  -0.00432973  0.207732  0.0678853  
BPS-CFR  0.122722  0.135142  0.12619  1.73472e-18  0.0640471  0.0541285  -0.0111545  
TIPS-CFR  0.0111756  0.0402909  0.00432973  -0.0640471  1.11022e-16  -0.057354  0.0363154  
CSPS-CFR  0.0397764  -0.0377304  -0.207732  -0.0541285  0.057354  0  0.0254653  
CFPS-CFR  0.0595149  0.0640283  -0.0678853  0.0111545  -0.0363154  -0.0254653  -3.81639e-17  
t = 30
CFR  5.20417e-18  -0.0338747  0.0933565  -0.0908559  -0.0239325  -0.0186741  -0.0100049  
CFR_IN  0.0338747  1.11022e-16  0.014798  -0.0425522  -0.037179  -0.0529362  -0.00822097  
A-CFR_IN  -0.0933565  -0.014798  7.21645e-16  -0.0666665  -0.0367315  0.113251  0.128537  
BPS-CFR  0.0908559  0.0425522  0.0666665  4.33681e-18  0.0509477  0.00365578  0.0137478  
TIPS-CFR  0.0239104  0.037179  0.0367315  -0.0509477  4.16334e-17  -0.167793  -0.0493409  
CSPS-CFR  0.0186741  0.0529362  -0.113251  -0.00365578  0.167793  1.52656e-16  0.0388081  
CFPS-CFR  0.0100049  0.00822097  -0.128537  -0.0137478  0.0493409  -0.0388081  2.77556e-17  
t = 31
CFR  -6.93889e-18  -0.0178333  0.161904  -0.0177912  -0.0372979  -0.0522189  -0.010784  
CFR_IN  0.0178333  1.249e-16  0.00517474  0.074058  0.0328645  -0.142129  0.0260311  
A-CFR_IN  -0.161904  -0.00517474  4.16334e-16  -0.00802899  -0.0770784  0.0272508  0.0913898  
BPS-CFR  0.0177912  -0.074058  0.00802899  1.38778e-17  0.0955551  -0.0222702  -0.0140113  
TIPS-CFR  0.0372979  -0.124518  0.0770784  -0.0955551  -2.08167e-17  -0.259363  -0.0265668  
CSPS-CFR  0.0522189  0.142129  -0.0272508  0.0222702  0.259363  -3.1225e-17  0.109828  
CFPS-CFR  0.010784  -0.0260311  -0.0913898  0.0140113  0.0265668  -0.109828  9.36751e-17  
t = 32
CFR  1.38778e-17  -0.0512909  0.182953  0.0051442  -0.0781371  -0.0563011  0.00194254  
CFR_IN  0.0512909  8.32667e-17  0.0611809  0.0921514  -0.0776326  -0.123044  0.087852  
A-CFR_IN  -0.182953  -0.0611809  1.15186e-15  -0.112473  -0.0883033  -0.101688  0.015652  
BPS-CFR  -0.0051442  -0.0921514  0.112473  0  -0.0274867  -0.0465129  0.0393434  
TIPS-CFR  0.0781371  0.0776326  0.0883033  0.0274867  4.16334e-17  -0.163578  -0.0637896  
CSPS-CFR  0.0563011  0.123044  0.101688  0.0465129  0.163578  1.249e-16  0.219723  
CFPS-CFR  -0.00194254  -0.087852  -0.015652  -0.0393434  0.0637896  -0.219723  1.38778e-17  
t = 33
CFR  6.93889e-18  -0.0272769  0.136195  -0.04795  -0.115324  0.00704152  -0.0323686  
CFR_IN  0.0272769  4.16334e-17  0.0424297  0.0487879  -0.183678  -0.0393611  -0.0214606  
A-CFR_IN  -0.136195  -0.0424297  5.55112e-16  -0.191211  -0.193653  -0.0744171  -0.117996  
BPS-CFR  0.04795  -0.0487879  0.191211  0  -0.0867124  -0.0732548  -0.00685809  
TIPS-CFR  0.115324  0.183678  0.193653  0.0867124  8.32667e-17  0.0583634  0.0472235  
CSPS-CFR  -0.00704152  0.0393611  0.0744171  0.0732548  -0.0583634  8.32667e-17  0.238874  
CFPS-CFR  0.0323686  0.0214606  0.117996  0.00685809  -0.0472235  -0.238874  2.22045e-16  
t = 34
CFR  1.38778e-17  0.018594  0.12105  -0.0403564  -0.0953793  0.100685  -0.0293073  
CFR_IN  -0.018594  5.59448e-17  0.0578403  0.0587528  -0.191318  0.0721603  -0.0937472  
A-CFR_IN  -0.12105  -0.0578403  6.10623e-16  -0.245924  -0.213597  -0.103137  -0.191404  
BPS-CFR  0.0403564  -0.0587528  0.245924  -3.46945e-18  -0.120482  -0.0509606  -0.101527  
TIPS-CFR  0.0953793  0.191318  0.213597  0.120482  5.55112e-17  0.163847  0.100349  
CSPS-CFR  -0.100685  -0.0721603  0.103137  0.0509606  -0.163847  2.22045e-16  0.0658783  
CFPS-CFR  0.0293073  0.0937472  0.191404  0.101527  -0.100349  -0.0658783  1.38778e-16  
t = 35
CFR  5.20417e-18  0.0276152  0.0853066  -0.0353275  0.00399013  0.0597531  -0.0332744  
CFR_IN  -0.0276152  8.32667e-17  0.0943615  0.0750522  -0.0891314  0.0187444  -0.103426  
A-CFR_IN  -0.0853066  -0.0943615  1.16573e-15  -0.152641  -0.261979  -0.138141  -0.0798111  
BPS-CFR  0.0353275  -0.0750522  0.152641  6.93889e-18  -0.11604  -0.0253173  -0.167738  
TIPS-CFR  -0.00399013  0.0891314  0.261979  0.11604  1.73472e-16  0.183246  0.0563775  
CSPS-CFR  -0.0597531  -0.0187444  0.138141  0.0253173  -0.183246  8.32667e-17  -0.119185  
CFPS-CFR  0.0332744  0.103426  0.0798111  0.167738  -0.0563775  0.119185  4.16334e-17  
t = 36
CFR  -6.93889e-18  -0.0317156  0.0724375  -0.0588886  0.0421971  -0.0398203  -0.0221217  
CFR_IN  0.0317156  2.60209e-18  0.105488  0.0772175  -0.126297  -0.0178521  0.0303571  
A-CFR_IN  -0.0724375  -0.105488  8.32667e-16  -0.0709922  -0.302822  -0.0672416  -0.0810234  
BPS-CFR  0.0588886  -0.0772175  0.0709922  6.93889e-18  -0.0429893  0.00664211  -0.148586  
TIPS-CFR  -0.0421971  0.126297  0.302822  0.0429893  1.11022e-16  0.150782  -0.0784191  
CSPS-CFR  0.0398203  0.0178521  0.0672416  -0.00664211  -0.150782  6.245e-17  -0.154448  
CFPS-CFR  0.0221217  -0.0303571  0.0810234  0.148586  0.0784191  0.15413  5.55112e-17  
t = 37
CFR  -6.93889e-18  -0.148588  -0.062365  -0.0245266  0.0175354  -0.0907572  0.00596861  
CFR_IN  0.148588  6.245e-17  0.118805  0.0723366  -0.065779  -0.060382  0.0241611  
A-CFR_IN  0.062365  -0.118805  1.11022e-15  -0.0123275  -0.269096  -0.0212477  -0.0485178  
BPS-CFR  0.0245266  -0.0723366  0.0123275  -3.46945e-18  0.0791569  0.0560658  -0.0492588  
TIPS-CFR  -0.0175354  0.065779  0.269096  -0.0791569  5.55112e-17  0.0924245  -0.0854541  
CSPS-CFR  0.0907572  0.060382  0.0212477  -0.0560658  -0.0924245  9.71445e-17  -0.0897845  
CFPS-CFR  -0.00596861  -0.0241611  0.0485178  0.0492588  0.0854541  0.0897845  8.32667e-17  
t = 38
CFR  6.93889e-18  -0.103586  0.0869266  -0.0126729  0.0450253  -0.13154  0.117681  
CFR_IN  0.103586  4.16334e-17  0.0755801  0.0599031  -0.0348882  -0.123133  -0.0542925  
A-CFR_IN  -0.0869266  -0.0755801  6.93889e-16  0.0121108  -0.14959  0.00242029  -0.0190012  
BPS-CFR  0.0126729  -0.0599031  -0.0121108  -6.93889e-18  0.0957337  0.0274284  0.0786913  
TIPS-CFR  -0.0453822  0.0348882  0.14959  -0.0957337  1.8735e-16  -0.049118  -0.0972666  
CSPS-CFR  0.13154  0.123133  -0.00242029  -0.0274284  0.049118  1.38778e-17  -0.0831661  
CFPS-CFR  -0.117681  0.0542925  0.0190012  -0.0786913  0.0972666  0.0831661  5.55112e-17  
t = 39
CFR  2.08167e-17  0.11476  0.0113103  -0.00601424  -0.0309259  -0.0718777  0.0629807  
CFR_IN  -0.11476  0  0.0735283  0.0223098  0.0240252  -0.100094  -0.0431423  
A-CFR_IN  -0.0113103  -0.0735283  0.000161735  -0.103589  -0.186854  -0.0227914  0.0678869  
BPS-CFR  0.00601424  -0.0223098  0.103589  0  -0.0574063  -0.0529212  0.119233  
TIPS-CFR  0.0309259  -0.0240252  0.186854  0.0574063  1.38778e-16  -0.106955  0.0232731  
CSPS-CFR  0.0718777  0.100094  0.0227914  0.0529212  0.106955  9.71445e-17  -0.023994  
CFPS-CFR  -0.0629807  0.0431423  -0.0678869  -0.119233  -0.0232731  0.023994  5.55112e-17  
t = 40
CFR  6.93889e-18  0.238367  0.016458  -0.0133905  -0.102977  -0.0230346  0.0031344  
CFR_IN  -0.238367  2.77556e-17  0.0137795  -0.00899783  0.0557612  -0.0836101  -0.0129943  
A-CFR_IN  -0.016458  -0.0137795  4.44089e-16  -0.0681309  -0.0547421  -0.102415  -0.11281  
BPS-CFR  0.0133905  0.00899783  0.0681309  -1.38778e-17  -0.0435623  -0.0943555  0.13256  
TIPS-CFR  0.102977  -0.0557612  0.0547421  0.0435623  0  -0.0591774  0.0403784  
CSPS-CFR  0.0230346  0.0836101  0.102415  0.0943555  0.0591744  8.32667e-17  0.0699127  
CFPS-CFR  -0.0031344  0.0129943  0.11281  -0.13256  -0.0403784  -0.0699127  9.36751e-17  
t = 41
CFR  1.38778e-17  0.208207  -0.00754667  -0.0375664  -0.0594452  -0.0122687  -0.0104759  
CFR_IN  -0.208207  5.55112e-17  -0.111532  -0.0290675  0.0566591  -0.0117959  0.0512028  
A-CFR_IN  0.00754667  0.111532  -3.88578e-16  0.0284581  -0.0087169  -0.0243792  -0.192841  
BPS-CFR  0.0375664  0.0290675  -0.0284581  6.93889e-18  0.0209786  -0.0412351  -0.00208156  
TIPS-CFR  0.0594452  -0.0566591  0.0087169  -0.0209786  1.11022e-16  -0.0246544  0.0884461  
CSPS-CFR  0.0122687  0.0117959  0.0243792  0.0412351  0.0234169  8.32667e-17  0.144247  
CFPS-CFR  0.0104759  -0.0512028  0.192841  0.00208156  -0.0884461  -0.144247  1.55431e-15  
t = 42
CFR  6.93889e-18  0.103792  0.0286045  -0.0545235  -0.0307212  -0.0222583  -0.0923764  
CFR_IN  -0.103792  9.71445e-17  -0.181361  -0.0350233  0.107234  0.0559642  0.114575  
A-CFR_IN  -0.0286045  0.181361  5.55112e-16  0.0587039  -0.0604996  0.0586449  -0.178955  
BPS-CFR  0.0545235  0.0350233  -0.0587039  6.93889e-18  0.0723948  -0.0180532  -0.0682606  
TIPS-CFR  0.0307212  -0.107234  0.0604996  -0.0723948  1.66533e-16  -0.0691275  0.000412589  
CSPS-CFR  0.0220277  -0.0559642  -0.0586449  0.0180532  0.0691275  2.77556e-17  0.210406  
CFPS-CFR  0.0923764  -0.114575  0.178955  0.0682606  -0.000412589  -0.210406  3.33067e-16  
t = 43
CFR  -1.38778e-17  0.023547  0.0969586  -0.0569664  -0.0162842  -0.0354747  -0.141063  
CFR_IN  -0.023547  1.45717e-16  -0.099836  0.00732275  0.148933  0.0613916  0.119415  
A-CFR_IN  -0.0969586  0.099836  5.41234e-16  0.0390041  -0.231238  0.0576833  -0.108294  
BPS-CFR  0.0569664  -0.00732275  -0.0390041  0  0.129392  -0.0174041  0.0330642  
TIPS-CFR  0.0162842  -0.148933  0.231238  -0.129392  3.20924e-17  -0.0312423  -0.068545  
CSPS-CFR  0.0354747  -0.0613916  -0.0576833  0.0174041  0.0312423  -2.77556e-17  0.0761139  
CFPS-CFR  0.141063  -0.119415  0.108294  -0.0330642  0.068545  -0.0761139  1.14492e-16  
t = 44
CFR  3.46945e-18  -0.0890263  0.121182  -0.073048  0.0188769  -0.0751245  -0.125502  
CFR_IN  0.0890263  1.38778e-16  -0.126249  -0.0187422  0.143689  0.0797401  0.0559913  
A-CFR_IN  -0.121182  0.126249  7.21645e-16  0.014441  -0.261512  0.0738641  -0.0788932  
BPS-CFR  0.073048  0.0187422  -0.014441  0  0.145785  0.0118621  0.12616  
TIPS-CFR  -0.0188769  -0.143689  0.261512  -0.145785  3.05311e-16  0.0128365  -0.122135  
CSPS-CFR  0.0751245  -0.0797401  -0.0738641  -0.0118621  -0.0128365  8.32667e-17  -0.00673663  
CFPS-CFR  0.125502  -0.0559913  0.0788932  -0.12616  0.122135  0.00673663  2.77556e-17  
t = 45
CFR  3.46945e-18  -0.133089  0.0420511  -0.0907818  0.0528838  -0.0623899  0.10517  
CFR_IN  0.133089  4.16334e-17  -0.0959342  -0.0830739  0.120232  0.0452684  -0.0106118  
A-CFR_IN  -0.0420511  0.0959342  5.96745e-16  -0.00660808  -0.245542  -0.0785832  -0.0934884  
BPS-CFR  0.0907818  0.0830739  0.00660808  1.38778e-17  0.0596848  0.0204144  0.106752  
TIPS-CFR  -0.0528838  -0.120232  0.245542  -0.0596848  1.59595e-16  0.0278333  -0.121466  
CSPS-CFR  0.0623899  -0.0452684  0.0785832  -0.0204144  -0.0278333  7.28584e-17  -0.130299  
CFPS-CFR  -0.10517  0.0106118  0.0934884  -0.106752  0.121466  0.130299  1.04083e-16  
t = 46
CFR  0  -0.0685169  -0.0839925  -0.0481805  0.0572653  -0.0606957  0.165393  
CFR_IN  0.0685169  6.93889e-17  -0.0344412  -0.123625  0.0973574  -0.00165619  -0.0726717  
A-CFR_IN  0.0839925  0.0344412  6.66134e-16  -0.0531674  -0.167781  -0.146339  -0.212118  
BPS-CFR  0.0481805  0.123625  0.0531674  0  0.00121923  0.028372  0.114463  
TIPS-CFR  -0.0572653  -0.0973574  0.167781  -0.00121923  8.32667e-17  -0.0454783  -0.0106838  
CSPS-CFR  0.0606957  0.00165619  0.146339  -0.028372  0.0454783  1.11022e-16  -0.17819  
CFPS-CFR  -0.165393  0.0726717  0.212118  -0.114463  0.0106838  0.178171  1.249e-16  
t = 47
CFR  1.38778e-17  0.00191129  -0.103854  0.025358  0.0764208  -0.0591786  0.115794  
CFR_IN  -0.00191129  1.52656e-16  0.0418652  -0.137156  -0.0018355  0.0196303  -0.143543  
A-CFR_IN  0.103854  -0.0418652  5.55112e-16  -0.0926151  -0.0854257  -0.161813  -0.289104  
BPS-CFR  -0.025358  0.137156  0.0926151  -6.93889e-18  -0.0109109  -0.0300059  0.155523  
TIPS-CFR  -0.0764208  0.0018355  0.0854257  0.0109109  4.16334e-17  -0.061102  0.0759462  
CSPS-CFR  0.0591786  -0.0196303  0.161813  0.0300059  0.061102  1.11022e-16  -0.122482  
CFPS-CFR  -0.115794  0.143543  0.289104  -0.155523  -0.0759462  0.122482  1.249e-16  
t = 48
CFR  6.93889e-18  0.0187153  -0.00703897  0.141355  0.113202  -0.0484345  0.158642  
CFR_IN  -0.0187153  1.11022e-16  0.151552  -0.116091  -0.0941334  0.0099089  -0.109266  
A-CFR_IN  0.00703897  -0.151552  5.68989e-16  -0.0154033  0.000925416  -0.189809  -0.226711  
BPS-CFR  -0.141355  0.116091  0.0154033  0  -0.097102  -0.110934  0.154922  
TIPS-CFR  -0.113202  0.0941334  -0.000925416  0.097102  1.11022e-16  -0.0999919  0.11727  
CSPS-CFR  0.0484345  -0.0099089  0.189809  0.110934  0.0999919  1.13624e-16  -0.0254113  
CFPS-CFR  -0.158642  0.109266  0.226711  -0.154922  -0.11727  0.0254113  1.45717e-16  
t = 49
CFR  0  0.0349709  0.037324  0.219464  0.055161  0.0186435  0.16747  
CFR_IN  -0.0349709  4.16334e-17  0.129278  -0.055689  -0.133507  0.0014143  -0.015776  
A-CFR_IN  -0.037324  -0.129278  4.71845e-16  -0.0431284  0.041001  -0.246428  -0.256543  
BPS-CFR  -0.219464  0.055689  0.0431284  6.93889e-18  -0.124878  -0.0777048  0.00531848  
TIPS-CFR  -0.055161  0.133507  -0.041001  0.124878  4.85723e-17  -0.093542  0.122751  
CSPS-CFR  -0.0186435  -0.0014143  0.246428  0.0777048  0.0935403  8.32667e-17  0.0512643  
CFPS-CFR  -0.16747  0.015776  0.256543  -0.00531848  -0.122751  -0.0512643  1.64799e-16  
t = 50
CFR  0  0.0238935  0.0414866  0.214354  -0.0318863  0.0293219  0.112453  
CFR_IN  -0.0238935  1.11022e-16  0.0871991  -0.0424696  -0.109344  0.00654713  0.0271151  
A-CFR_IN  -0.0414866  -0.0871991  5.23886e-16  -0.0405819  0.0252025  -0.293748  -0.170362  
BPS-CFR  -0.214354  0.0424696  0.0405819  -3.46945e-18  0.0396087  -0.0141155  -0.123012  
TIPS-CFR  0.0318863  0.109344  -0.0252025  -0.0396087  5.89806e-17  -0.0743635  0.0462593  
CSPS-CFR  -0.0293219  -0.00151274  0.293748  0.0141155  0.0743635  1.11022e-16  0.118574  
CFPS-CFR  -0.112453  -0.0271151  0.170362  0.123012  -0.0462593  -0.118574  1.70003e-16  
t = 51
CFR  0  0.0177188  0.0372816  0.16227  -0.1396  0.0411232  0.0602021  
CFR_IN  -0.0177188  9.02056e-17  0.107677  -0.04186  -0.151022  -0.0345688  0.0363526  
A-CFR_IN  -0.0372816  -0.107677  3.33067e-16  0.0407411  0.0410582  -0.310039  -0.12427  
BPS-CFR  -0.16227  0.04186  -0.0407411  3.46945e-18  0.131703  0.0158992  -0.170951  
TIPS-CFR  0.1396  0.151022  -0.0410582  -0.131703  1.11022e-16  -0.0768149  0.00788121  
CSPS-CFR  -0.0411232  0.0345688  0.310039  -0.0158992  0.0768149  5.55112e-17  0.166128  
CFPS-CFR  -0.0602021  -0.0363526  0.12427  0.170951  -0.0075768  -0.166128  1.52656e-16  
t = 52
CFR  6.93889e-18  -0.00235714  -0.0269246  0.0969197  -0.152786  0.0343576  0.00925849  
CFR_IN  0.00235714  5.55112e-17  -0.0912278  -0.0668027  -0.150534  -0.0552045  -0.0230621  
A-CFR_IN  0.0269246  0.0912278  5.89806e-16  0.0643601  0.0768341  -0.25489  -0.0253809  
BPS-CFR  -0.0969197  0.0668027  -0.0643601  3.46945e-18  0.0393892  0.0157566  -0.147414  
TIPS-CFR  0.152786  0.150534  -0.0768341  -0.0393892  5.55112e-17  -0.0727129  -0.0116349  
CSPS-CFR  -0.0343576  0.0537935  0.254378  -0.0157566  0.0727129  8.32667e-17  0.198452  
CFPS-CFR  -0.00925849  0.0230621  0.0253809  0.147414  0.00947375  -0.198452  1.94289e-16  
t = 53
CFR  0  -0.000345174  -0.0178625  0.0513976  -0.0204356  -0.0317444  -0.0388841  
CFR_IN  0.000345174  8.32667e-17  0.00563323  -0.0892788  -0.0398079  -0.0223651  -0.102246  
A-CFR_IN  0.0178625  -0.00563323  5.27356e-16  0.0897658  0.0388703  -0.232611  0.196145  
BPS-CFR  -0.0513976  0.0892788  -0.0897658  -3.46945e-18  -0.0470706  -0.00389744  0.00699713  
TIPS-CFR  0.0204356  0.0398079  -0.0388703  0.0470706  9.71445e-17  -0.0149153  -0.0160718  
CSPS-CFR  0.0317444  0.0223651  0.232611  0.00389744  0.0147774  9.02056e-17  0.0815116  
CFPS-CFR  0.0388841  0.102246  -0.196145  -0.00699713  0.0117022  -0.0815116  8.32667e-17  
t = 54
CFR  -6.93889e-18  0.0645327  -0.0180764  -0.00750422  0.0646706  -0.0748514  -0.0451351  
CFR_IN  -0.0645327  1.66533e-16  -0.00992816  -0.0906675  0.0570204  -0.0454075  -0.115455  
A-CFR_IN  0.0180764  0.00992816  7.35523e-16  0.0790051  0.0360926  -0.22906  0.169573  
BPS-CFR  0.00750422  0.0906675  -0.0790051  0  -0.139362  -0.0361819  0.127031  
TIPS-CFR  -0.0646706  -0.0570204  -0.0360926  0.139362  1.80411e-16  0.0135309  0.0380138  
CSPS-CFR  0.0748514  0.0454075  0.22906  0.0361819  -0.0135309  1.38778e-17  0.0654965  
CFPS-CFR  0.0451351  0.115455  -0.169573  -0.127031  -0.0390052  -0.0654965  6.245e-17  
t = 55
CFR  0  0.0954818  -0.0153811  -0.0524541  0.0993085  -0.0652498  0.0753947  
CFR_IN  -0.0954818  1.2837e-16  -0.185371  -0.0176523  0.0246879  -0.0935926  -0.0655143  
A-CFR_IN  0.0153811  0.185371  5.41234e-16  0.0800901  -0.130319  -0.130608  0.157575  
BPS-CFR  0.0524541  0.0176523  -0.0800901  0  -0.191976  -0.0446672  0.0903249  
TIPS-CFR  -0.0993085  -0.0246879  0.130319  0.191976  1.38778e-17  0.0300031  0.0645603  
CSPS-CFR  0.0652498  0.0935926  0.12532  0.0446672  -0.0300031  3.46945e-17  0.00602327  
CFPS-CFR  -0.0753947  0.0655143  -0.157575  -0.0903249  -0.0645603  -0.00602327  5.55112e-17  
t = 56
CFR  6.93889e-18  0.089008  0.00332118  -0.0511061  0.0865638  -0.064206  0.0890906  
CFR_IN  -0.089008  4.996e-16  -0.262246  0.0782128  0.0382671  -0.0967627  -0.00633494  
A-CFR_IN  -0.00332118  0.262246  6.38378e-16  0.0546394  -0.19764  -0.0633644  0.0291121  
BPS-CFR  0.0511061  -0.0782128  -0.0546394  3.46945e-18  -0.128929  -0.0338111  -0.0343564  
TIPS-CFR  -0.0865638  -0.0382671  0.19764  0.128929  2.60209e-17  0.048725  -0.0404046  
CSPS-CFR  0.064206  0.0967627  0.0633644  0.0338111  -0.048725  5.55112e-17  -0.0620968  
CFPS-CFR  -0.0890906  0.00633494  -0.0291121  0.0343564  0.0401057  0.0620968  2.22045e-16  
t = 57
CFR  0  0.0307275  0.00665788  -0.039032  -0.0358601  -0.0748449  0.039122  
CFR_IN  -0.0307275  4.44089e-16  -0.267069  0.111612  -0.0262379  -0.0217138  -0.0322451  
A-CFR_IN  -0.00665788  0.267069  3.60822e-16  0.00145907  -0.128117  0.0522903  0.0323994  
BPS-CFR  0.039032  -0.111612  -0.00145907  0  -0.0853923  -0.0445752  -0.140353  
TIPS-CFR  0.0358601  0.0262379  0.128117  0.0853923  1.94289e-16  0.0913737  -0.0767049  
CSPS-CFR  0.0748449  0.0217138  -0.0522903  0.0445752  -0.0913737  5.55112e-17  -0.111681  
CFPS-CFR  -0.039122  0.0322451  -0.0323994  0.140353  0.0767049  0.111681  2.22045e-16  
t = 58
CFR  0  -0.108515  -0.0144274  -0.0426479  -0.160475  -0.0300606  -0.0882155  
CFR_IN  0.108515  7.21645e-16  -0.168502  0.110301  -0.042772  0.0403565  -0.0227656  
A-CFR_IN  0.0144274  0.168502  4.44089e-16  -0.0486307  -0.136931  0.135688  0.026836  
BPS-CFR  0.0426479  -0.110301  0.0486307  1.73472e-18  -0.0425165  -0.0224812  -0.270008  
TIPS-CFR  0.160475  0.042772  0.136931  0.0425165  1.11022e-16  0.0997206  0.0106104  
CSPS-CFR  0.0300606  -0.0403565  -0.135688  0.0224812  -0.0961782  8.32667e-17  -0.107641  
CFPS-CFR  0.0882155  0.0227656  -0.026836  0.270008  -0.0106104  0.107641  2.42861e-16  
t = 59
CFR  0  -0.193162  0.0269241  -0.0684892  -0.198727  0.00112107  -0.175131  
CFR_IN  0.193162  3.33067e-16  0.0168738  0.0493529  -0.00763245  0.0628165  -0.000233654  
A-CFR_IN  -0.0269241  -0.0168738  3.60822e-16  -0.0629141  -0.0933036  0.103033  0.0309967  
BPS-CFR  0.0684892  -0.0493529  0.0629141  -1.73472e-18  0.00154149  0.0246286  -0.259764  
TIPS-CFR  0.198727  0.00763245  0.0933036  -0.00154149  3.46945e-17  0.0557678  0.077529  
CSPS-CFR  -0.00112107  -0.0628165  -0.103033  -0.0246286  -0.0557286  5.55112e-17  -0.0542502  
CFPS-CFR  0.175131  0.000233654  -0.0309967  0.259764  -0.077529  0.0542502  1.66533e-16  
t = 60
CFR  -1.21431e-17  -0.206291  0.0151918  -0.0879825  -0.191765  0.00627899  -0.24414  
CFR_IN  0.206291  3.95517e-16  0.0985523  -0.0502154  -0.0116854  0.0576826  0.058884  
A-CFR_IN  -0.0151918  -0.0985523  2.498e-16  -0.123923  -0.0531875  0.0627258  0.0439146  
BPS-CFR  0.0879825  0.0502154  0.123923  -1.04083e-17  0.0689873  0.0236222  -0.220908  
TIPS-CFR  0.191765  0.0116854  0.0531875  -0.0689873  9.71445e-17  0.0293636  0.123349  
CSPS-CFR  -0.00627899  -0.0576826  -0.0627258  -0.0236222  -0.0287277  8.32667e-17  -0.0404664  
CFPS-CFR  0.24414  -0.058884  -0.0439146  0.220908  -0.124541  0.0404664  2.498e-16  
t = 61
CFR  -8.67362e-18  -0.119448  0.0131851  -0.102446  -0.088746  -0.00721995  -0.255751  
CFR_IN  0.119448  4.23273e-16  0.218139  -0.0781042  0.00201623  0.0357906  0.0758835  
A-CFR_IN  -0.0131851  -0.218139  5.82867e-16  -0.142669  -0.0836313  0.0229037  -0.0295967  
BPS-CFR  0.102446  0.0781042  0.142669  0  0.0799027  0.0145947  -0.13178  
TIPS-CFR  0.088746  -0.00201623  0.0836313  -0.0799027  1.38778e-16  -0.0165852  0.116252  
CSPS-CFR  0.00721995  -0.0357906  -0.0229037  -0.0145947  0.0161389  8.32667e-17  -0.0371786  
CFPS-CFR  0.255751  -0.0758835  0.0295967  0.13178  -0.122452  0.0371786  2.04697e-16  
t = 62
CFR  6.93889e-18  -0.00625493  -0.0127909  -0.0289806  -0.0284518  -0.0329345  -0.223307  
CFR_IN  0.00625493  2.70617e-16  0.171553  -0.0860089  0.0518861  0.0216458  0.0456648  
A-CFR_IN  0.0127909  -0.171553  4.71845e-16  -0.182662  -0.101307  -0.0150522  -0.140768  
BPS-CFR  0.0289806  0.0860089  0.182662  -3.46945e-18  0.0878364  0.0447306  -0.0589645  
TIPS-CFR  0.0284518  -0.0518861  0.101307  -0.087837  8.32667e-17  -0.0598573  0.0723022  
CSPS-CFR  0.0329345  -0.0216458  0.0150522  -0.0447306  0.0598605  1.11022e-16  -0.000835508  
CFPS-CFR  0.223307  -0.0456648  0.140768  0.0589645  -0.0737637  0.000835508  1.52656e-16  
t = 63
CFR  0  0.0790071  -0.0202422  -0.056974  0.00869487  -0.0701714  -0.134566  
CFR_IN  -0.0790071  4.23273e-16  0.107966  -0.0599413  0.0642577  0.00894519  0.0139655  
