learner/env  CFR  CFR_EX+IN  A-CFR  CFR_IN  A-CFR_IN  BPS-CFR  TIPS-CFR  IPS-CFR  
CFR  20.5007  20.5233  20.5026  20.4783  20.4715  20.5013  20.4796  20.5103  
CFR_EX+IN  20.5233  20.5455  20.5249  20.4989  20.4923  20.5239  20.4999  20.5364  
A-CFR  20.5026  20.5249  20.5045  20.4786  20.4722  20.5032  20.48  20.512  
CFR_IN  20.4783  20.4989  20.4786  20.4504  20.4432  20.4785  20.4511  20.4901  
A-CFR_IN  20.4715  20.4923  20.4722  20.4432  20.4351  20.4719  20.4439  20.4834  
BPS-CFR  20.5013  20.5239  20.5032  20.4785  20.4719  20.5019  20.4798  20.5146  
TIPS-CFR  20.4796  20.4999  20.48  20.4511  20.4439  20.4798  20.4518  20.4911  
IPS-CFR  20.5103  20.5364  20.512  20.4901  20.4834  20.5146  20.4911  20.5274  
