learner/env  CFR  A-CFR  CFR_IN  A-CFR_IN  BPS-CFR  TIPS-CFR  IPS-CFR  PI  greed_punisher  FP  
t = 0
CFR  0  0  0  0  0  0  0  0  0  0  
A-CFR  0  0  0  0  0  0  0  0  0  0  
CFR_IN  0  0  0  0  0  0  0  0  0  0  
A-CFR_IN  0  0  0  0  0  0  0  0  0  0  
BPS-CFR  5.55112e-17  5.55112e-17  5.55112e-17  5.55112e-17  5.55112e-17  5.55112e-17  5.55112e-17  5.55112e-17  5.55112e-17  5.55112e-17  
TIPS-CFR  5.55112e-17  5.55112e-17  5.55112e-17  5.55112e-17  5.55112e-17  5.55112e-17  5.55112e-17  5.55112e-17  5.55112e-17  5.55112e-17  
IPS-CFR  5.55112e-17  5.55112e-17  5.55112e-17  5.55112e-17  5.55112e-17  5.55112e-17  5.55112e-17  5.55112e-17  5.55112e-17  5.55112e-17  
PI  0  0  0  0  0  0  0  0  0  0  
greed_punisher  0  0  0  0  0  0  0  0  0  0  
FP  0  0  0  0  0  0  0  0  0  0  
t = 1
CFR  0  0  0.746667  0.746667  1.44329e-15  0.746667  0.0051452  0.978872  1.18215  0.978872  
A-CFR  0  0  0.746667  0.746667  1.44329e-15  0.746667  0.0051452  0.978872  1.18215  0.978872  
CFR_IN  -0.746667  -0.746667  6.66134e-16  6.66134e-16  -0.746667  -6.66134e-16  -0.741521  0.95  1.28333  0.95  
A-CFR_IN  -0.746667  -0.746667  6.66134e-16  6.66134e-16  -0.746667  -6.66134e-16  -0.741521  0.95  1.28333  0.95  
BPS-CFR  -8.88178e-16  -8.88178e-16  0.746667  0.746667  0  0.746667  0.0051452  0.978872  1.18215  0.978872  
TIPS-CFR  -0.746667  -0.746667  1.55431e-15  1.55431e-15  -0.746667  0  -0.741521  0.95  1.28333  0.95  
IPS-CFR  -0.0051452  -0.0051452  0.741521  0.741521  -0.0051452  0.741521  1.11022e-16  0.989259  1.19935  0.989259  
PI  -0.978872  -0.978872  -0.95  -0.95  -0.978872  -0.95  -0.989259  0  -3.41667  0  
greed_punisher  -1.18215  -1.18215  -1.28333  -1.28333  -1.18215  -1.28333  -1.19935  3.41667  0  3.41667  
FP  -0.978872  -0.978872  -0.95  -0.95  -0.978872  -0.95  -0.989259  0  -3.41667  0  
t = 2
CFR  0  0.267112  -0.257224  0.0661845  0.0258926  -0.236516  0.00185826  -1.25658  0.51482  0.124061  
A-CFR  -0.267112  -2.22045e-16  -0.475072  -0.154778  -0.241218  -0.455839  -0.263677  -1.14019  -0.0850683  -0.258783  
CFR_IN  0.257224  0.475072  0  0.254461  0.284507  0.0253805  0.261032  -2.40696  2.36057  -1.52792  
A-CFR_IN  -0.0661845  0.154778  -0.254461  -4.44089e-16  -0.0373436  -0.229051  -0.0592881  -2.40561  2.32344  -1.66515  
BPS-CFR  -0.0258926  0.241218  -0.284507  0.0373436  0  -0.264537  -0.0253249  -1.9951  2.08027  0.118815  
TIPS-CFR  0.236516  0.455839  -0.0253805  0.229051  0.264537  -2.22045e-16  0.239987  -2.40701  2.32844  -1.53225  
IPS-CFR  -0.00185826  0.263677  -0.261032  0.0592881  0.0253249  -0.239987  0  -2.00234  2.08245  0.10968  
PI  1.25658  1.14019  2.40696  2.40561  1.9951  2.40701  2.00234  0  0  0.5125  
greed_punisher  -0.51482  0.0850683  -2.36057  -2.32344  -2.08027  -2.32844  -2.08245  0  0  -0.554167  
FP  -0.124061  0.258783  1.52792  1.66515  -0.118815  1.53225  -0.10968  -0.5125  0.554167  0  
t = 3
CFR  0  0.135152  -0.060335  0.161324  -0.0590051  -0.0624553  -0.0602277  0.298363  1.15654  -0.252374  
A-CFR  -0.135152  0  -0.204985  -0.0360883  -0.204199  -0.209292  -0.202899  0.0665646  0.503372  -0.452186  
CFR_IN  0.060335  0.204985  0  0.289674  0.0353877  0.0196449  0.0289293  -0.828456  1.48456  1.29682  
A-CFR_IN  -0.161324  0.0360883  -0.289674  1.11022e-16  -0.186286  -0.27181  -0.201669  -0.206211  1.94019  0.982502  
BPS-CFR  0.0590051  0.204199  -0.0353877  0.186286  1.11022e-16  -0.0366131  -0.00675303  -0.228604  1.29707  -0.287778  
TIPS-CFR  0.0624553  0.209292  -0.0196449  0.27181  0.0366131  4.44089e-16  0.033673  -0.816112  1.46324  1.25679  
IPS-CFR  0.0602277  0.202899  -0.0289293  0.201669  0.00675303  -0.033673  1.11022e-16  -0.281853  1.09123  -0.264843  
PI  -0.298363  -0.0665646  0.828456  0.206211  0.228604  0.816112  0.281853  0  -3.38056  -0.638889  
greed_punisher  -1.15654  -0.503372  -1.48456  -1.94019  -1.29707  -1.46324  -1.09123  3.38056  0  -1.30278  
FP  0.252374  0.452186  -1.29682  -0.982502  0.287778  -1.25679  0.264843  0.638889  1.30278  0  
t = 4
CFR  0  0.0436532  -0.0668236  -0.119069  -0.0336975  -0.0489646  0.0258946  -1.52763  1.6744  -0.186595  
A-CFR  -0.0436532  -8.32667e-17  -0.0948898  -0.0607187  -0.128756  -0.125561  -0.052807  -0.280089  0.989467  -0.305114  
CFR_IN  0.0668236  0.0948898  -2.22045e-16  -0.336397  0.0564034  -0.00751027  0.0819694  -1.18267  1.17632  -1.29235  
A-CFR_IN  0.119069  0.0607187  0.336397  -5.55112e-17  0.113876  0.28799  0.1502  -1.08807  1.46731  -0.775623  
BPS-CFR  0.0336975  0.128756  -0.0564034  -0.113876  -1.38778e-16  -0.0416443  0.0398955  -1.78428  2.1201  0.115032  
TIPS-CFR  0.0489646  0.125561  0.00751027  -0.28799  0.0416443  1.11022e-16  0.0678099  -1.0839  1.86487  -1.28833  
IPS-CFR  -0.0258946  0.052807  -0.0819694  -0.1502  -0.0398955  -0.0678099  -2.77556e-17  -1.47735  2.01562  -0.0156867  
PI  1.52763  0.280089  1.18267  1.08807  1.78428  1.0839  1.47735  0  0  0.879167  
greed_punisher  -1.6744  -0.989467  -1.17632  -1.46731  -2.1201  -1.86487  -2.01562  0  0  -2.37778  
FP  0.186595  0.305114  1.29235  0.775623  -0.115032  1.28833  0.0156867  -0.879167  2.37778  0  
t = 5
CFR  0  -0.00261522  0.0604472  0.111302  -0.0793509  -0.0068746  -0.067518  -0.566036  1.48469  -0.612099  
A-CFR  0.00261522  0  -0.0728376  -0.0419537  0.0156242  -0.00487082  0.063068  -0.665967  1.60495  0.0811533  
CFR_IN  -0.0604472  0.0728376  1.66533e-16  0.164999  -0.0583629  0.0207302  -0.0121721  -1.21461  1.69725  -0.554058  
A-CFR_IN  -0.111302  0.0419537  -0.164999  0  -0.068232  -0.248499  -0.126954  -0.823199  2.04326  0.0557458  
BPS-CFR  0.0793509  -0.0156242  0.0583629  0.068232  0  -0.0119049  0.00945591  -0.259047  2.23534  -0.618788  
TIPS-CFR  0.0068746  0.00487082  -0.0207302  0.248499  0.0119049  -5.55112e-17  0.00677956  -1.06811  1.79711  0.260665  
IPS-CFR  0.067518  -0.063068  0.0121721  0.126954  -0.00945591  -0.00677956  1.38778e-16  -0.760985  1.79301  -0.54348  
PI  0.566036  0.665967  1.21461  0.823199  0.259047  1.06811  0.760985  0  -3.575  0.156944  
greed_punisher  -1.48469  -1.60495  -1.69725  -2.04326  -2.23534  -1.79711  -1.79301  3.575  0  -1.19954  
FP  0.612099  -0.0811533  0.554058  -0.0557458  0.618788  -0.260665  0.54348  -0.156944  1.19954  0  
t = 6
CFR  -2.77556e-17  0.090995  0.0452025  0.112328  0.0595418  0.122112  0.0282525  -0.960174  2.1431  0.35513  
A-CFR  -0.090995  5.55112e-17  -0.308644  -0.239556  -0.10578  -0.264616  -0.107103  -1.30534  2.49672  -0.30217  
CFR_IN  -0.0452025  0.308644  1.11022e-16  0.48126  0.0131796  -0.129053  -0.121259  -0.13601  0.371941  0.397796  
A-CFR_IN  -0.112328  0.239556  -0.48126  -1.11022e-16  -0.0622932  -0.724549  -0.11962  -0.300678  1.87588  -1.10498  
BPS-CFR  -0.0595418  0.10578  -0.0131796  0.0622932  5.55112e-17  0.125524  -0.0298025  -0.470441  2.57156  0.190568  
TIPS-CFR  -0.122112  0.264616  0.129053  0.724549  -0.125524  1.11022e-16  -0.124913  -0.118877  1.38535  0.281462  
IPS-CFR  -0.0282525  0.107103  0.121259  0.11962  0.0298025  0.124913  5.55112e-17  -0.395825  1.5465  0.0636505  
PI  0.960174  1.30534  0.13601  0.300678  0.470441  0.118877  0.395825  0  0  1.15833  
greed_punisher  -2.1431  -2.49672  -0.371941  -1.87588  -2.57156  -1.38535  -1.5465  0  0  -1.23981  
FP  -0.35513  0.30217  -0.397796  1.10498  -0.190568  -0.281462  -0.0636505  -1.15833  1.23981  0  
t = 7
CFR  0  0.19589  -0.0823576  0.616411  -0.0989752  -0.250481  -0.168272  -0.00592671  2.73498  0.459676  
A-CFR  -0.19589  -1.11022e-16  0.0914707  0.363529  -0.253329  -0.0654097  -0.297443  -0.771509  2.3833  -0.233094  
CFR_IN  0.0823576  -0.0914707  2.22045e-16  0.103025  0.0558995  -0.128018  0.0974145  -0.490574  1.73642  0.00298524  
A-CFR_IN  -0.616411  -0.363529  -0.103025  0  -0.530041  -0.0980028  -0.254666  -0.665762  2.20834  0.0323648  
BPS-CFR  0.0989752  0.253329  -0.0558995  0.530041  5.55112e-17  -0.354156  -0.0608645  -0.634938  1.74203  0.625939  
TIPS-CFR  0.250481  0.0654097  0.128018  0.0980028  0.354156  -5.55112e-17  0.127218  -0.292559  2.06787  0.22456  
IPS-CFR  0.168272  0.297443  -0.0974145  0.254666  0.0608645  -0.127218  5.55112e-17  -0.731258  2.1854  0.714934  
PI  0.00592671  0.771509  0.490574  0.665762  0.634938  0.292559  0.731258  0  -3.275  -1.3625  
greed_punisher  -2.73498  -2.3833  -1.73642  -2.20834  -1.74203  -2.06787  -2.1854  3.275  0  -0.8  
FP  -0.459676  0.233094  -0.00298524  -0.0323648  -0.625939  -0.22456  -0.714934  1.3625  0.8  0  
t = 8
CFR  0  -0.181378  -0.258226  -0.267133  -0.0368954  -0.226618  -0.11998  -1.1657  3.34055  0.270763  
A-CFR  0.181378  5.55112e-17  0.0554286  0.0404431  0.00612187  -0.081807  0.0681848  -1.18808  2.41369  0.220435  
CFR_IN  0.258226  -0.0554286  -3.33067e-16  0.258016  -0.165127  -0.00759962  -0.198798  -0.733464  1.00891  -0.310031  
A-CFR_IN  0.267133  -0.0404431  -0.258016  1.66533e-16  0.278715  -0.341462  0.239146  -0.0781789  2.34974  0.395819  
BPS-CFR  0.0368954  -0.00612187  0.165127  -0.278715  -1.11022e-16  0.0687351  -0.151895  -0.362134  2.72325  0.535849  
TIPS-CFR  0.226618  0.081807  0.00759962  0.341462  -0.0687351  1.11022e-16  0.0478933  -0.572695  1.9887  -0.127364  
IPS-CFR  0.11998  -0.0681848  0.198798  -0.239146  0.151895  -0.0478933  2.22045e-16  0.349323  1.67681  0.7159  
PI  1.1657  1.18808  0.733464  0.0781789  0.362134  0.572695  -0.349323  0  0  1.51667  
greed_punisher  -3.34055  -2.41369  -1.00891  -2.34974  -2.72325  -1.9887  -1.67681  0  0  -2.6875  
FP  -0.270763  -0.220435  0.310031  -0.395819  -0.535849  0.127364  -0.7159  -1.51667  2.6875  0  
t = 9
CFR  -1.38778e-17  -0.159852  -0.107241  -0.203125  -0.152955  -0.192032  -0.151891  -0.117113  2.96241  0.350954  
A-CFR  0.159852  5.55112e-17  -0.393337  -0.151352  -0.0353301  -0.562318  -0.0978623  0.179475  2.08416  -0.222583  
CFR_IN  0.107241  0.393337  -5.55112e-17  0.000428075  -0.0185128  0.102232  -0.0452961  -0.459522  1.95358  0.218245  
A-CFR_IN  0.203125  0.151352  -0.000428075  0  0.188483  -0.0255024  -0.068968  -0.772426  1.77603  -0.309275  
BPS-CFR  0.152955  0.0353301  0.0185128  -0.188483  5.55112e-17  0.051982  0.251782  -0.565193  1.41406  0.241403  
TIPS-CFR  0.192032  0.562318  -0.102232  0.0255024  -0.051982  1.66533e-16  -0.0106242  -0.518849  0.544548  0.522747  
IPS-CFR  0.151891  0.0978623  0.0452961  0.068968  -0.251782  0.0106242  9.71445e-17  -0.749618  2.29263  0.0587756  
PI  0.117113  -0.179475  0.459522  0.772426  0.565193  0.518849  0.749618  0  -3.49028  -0.0777778  
greed_punisher  -2.96241  -2.08416  -1.95358  -1.77603  -1.41406  -0.544548  -2.29263  3.49028  0  -2.23889  
FP  -0.350954  0.222583  -0.218245  0.309275  -0.241403  -0.522747  -0.0587756  0.0777778  2.23889  0  
t = 10
CFR  2.77556e-17  0.169912  -0.245165  0.0108229  -0.160496  -0.072756  -0.0122499  -0.764357  3.10789  -0.433828  
A-CFR  -0.169912  -1.11022e-16  -0.369618  -0.2628  -0.194415  0.0422035  -0.00622625  -0.677718  2.17244  -0.690382  
CFR_IN  0.245165  0.369618  -2.77556e-17  0.156381  0.261564  -0.0465309  0.21386  -1.12695  1.07525  0.374886  
A-CFR_IN  -0.0108229  0.2628  -0.156381  0  -0.180521  -0.125558  -0.0734147  -0.203042  1.87169  0.158529  
BPS-CFR  0.160496  0.194415  -0.261564  0.180521  -2.77556e-17  0.0141317  0.104542  -0.59088  1.76212  -0.217864  
TIPS-CFR  0.072756  -0.0422035  0.0465309  0.125558  -0.0141317  2.77556e-16  0.0399787  -0.453094  2.27159  0.0403441  
IPS-CFR  0.0122499  0.00622625  -0.21386  0.0734147  -0.104542  -0.0399787  1.66533e-16  -0.153758  2.3977  -0.0924162  
PI  0.764357  0.677718  1.12695  0.203042  0.59088  0.453094  0.153758  0  0  0.544444  
greed_punisher  -3.10789  -2.17244  -1.07525  -1.87169  -1.76212  -2.27159  -2.3977  0  0  -2.13889  
FP  0.433828  0.690382  -0.374886  -0.158529  0.217864  -0.0403441  0.0924162  -0.544444  2.13889  0  
t = 11
CFR  0  0.170699  0.0767714  0.241047  -0.248249  0.0398425  0.130426  -0.700048  2.85476  -0.292373  
A-CFR  -0.170699  0  0.194005  -0.122685  -0.0756869  -0.136112  -0.226967  0.0780469  2.06477  0.318108  
CFR_IN  -0.0767714  -0.194005  -2.32453e-16  0.117898  -0.00854539  -0.0450312  -0.00871416  0.541532  1.92223  0.26515  
A-CFR_IN  -0.241047  0.122685  -0.117898  0  -0.0481175  -0.0202258  0.0105174  -1.1403  1.93758  -0.166594  
BPS-CFR  0.248249  0.0756869  0.00854539  0.0481175  0  -0.257  -0.0787913  -0.253127  2.66553  -0.418313  
TIPS-CFR  -0.0398425  0.136112  0.0450312  0.0202258  0.257  2.77556e-16  0.208311  0.0445087  1.21252  0.0945379  
IPS-CFR  -0.130426  0.226967  0.00871416  -0.0105174  0.0787913  -0.208311  -2.77556e-17  -0.582729  2.48187  -0.602287  
PI  0.700048  -0.0780469  -0.541532  1.1403  0.253127  -0.0445087  0.582729  0  -2.90417  -0.581944  
greed_punisher  -2.85476  -2.06477  -1.92223  -1.93758  -2.66553  -1.21252  -2.48187  2.90417  0  -2.54167  
FP  0.292373  -0.318108  -0.26515  0.166594  0.418313  -0.0945379  0.602287  0.581944  2.54167  0  
t = 12
CFR  1.11022e-16  0.174214  0.200511  -0.0879194  0.00348029  0.0500489  -0.00861269  -0.535924  2.96088  -0.310117  
A-CFR  -0.174214  0  0.0929824  0.222449  -0.0798918  -0.0944636  -0.113919  -1.18921  2.15597  -0.278097  
CFR_IN  -0.200511  -0.0929824  -6.93889e-18  0.135314  0.101366  -0.224378  -0.0477383  -0.725958  2.34704  -0.19198  
A-CFR_IN  0.0879194  -0.222449  -0.135314  0  0.0729854  0.244519  0.0137248  -0.499321  1.95554  -0.307714  
BPS-CFR  -0.00348029  0.0798918  -0.101366  -0.0729854  -8.32667e-17  0.0211157  0.327271  -0.566073  1.89154  0.0955437  
TIPS-CFR  -0.0500489  0.0944636  0.224378  -0.244519  -0.0211157  1.66533e-16  -0.107404  -0.708038  1.36378  -0.0791914  
IPS-CFR  0.00861269  0.113919  0.0477383  -0.0137248  -0.327271  0.107404  0  -0.185389  2.5485  0.110353  
PI  0.535924  1.18921  0.725958  0.499321  0.566073  0.708038  0.185389  0  0  0.711111  
greed_punisher  -2.96088  -2.15597  -2.34704  -1.95554  -1.89154  -1.36378  -2.5485  0  0  -2.40625  
FP  0.310117  0.278097  0.19198  0.307714  -0.0955437  0.0791914  -0.110353  -0.711111  2.40625  0  
t = 13
CFR  0  0.15474  0.288859  -0.133966  -0.022982  0.32987  -0.159901  -0.392954  3.28528  -0.357699  
A-CFR  -0.15474  1.38778e-17  -0.0224792  0.256295  -0.0134547  -0.204404  0.0246498  -0.0768626  1.9614  -0.194201  
CFR_IN  -0.288859  0.0224792  5.55112e-17  -0.226646  -0.198071  -0.628834  0.109214  -0.757323  1.89598  -0.0521811  
A-CFR_IN  0.133966  -0.256295  0.226646  -5.55112e-17  0.0803459  -0.118153  -0.0866152  0.203337  1.63572  0.0731939  
BPS-CFR  0.022982  0.0134547  0.198071  -0.0803459  1.38778e-16  -0.0187996  -0.0104727  -0.309774  2.58902  -0.176558  
TIPS-CFR  -0.32987  0.204404  0.628834  0.118153  0.0187996  1.11022e-16  0.120419  -0.267773  1.82179  0.231662  
IPS-CFR  0.159901  -0.0246498  -0.109214  0.0866152  0.0104727  -0.120419  0  -0.535386  2.59184  0.0142799  
PI  0.392954  0.0768626  0.757323  -0.203337  0.309774  0.267773  0.535386  0  -3.14444  0.130556  
greed_punisher  -3.28528  -1.9614  -1.89598  -1.63572  -2.58902  -1.82179  -2.59184  3.14444  0  -2.65833  
FP  0.357699  0.194201  0.0521811  -0.0731939  0.176558  -0.231662  -0.0142799  -0.130556  2.65833  0  
t = 14
CFR  2.77556e-17  0.074597  0.0368342  0.0376916  -0.102762  -0.161828  -0.149775  -0.207197  3.95518  -0.17106  
A-CFR  -0.074597  5.55112e-17  -0.0955986  -0.00219423  -0.15033  -0.00730495  -0.136075  -0.698994  2.29697  -0.257131  
CFR_IN  -0.0368342  0.0955986  2.22045e-16  -0.00962444  0.081772  0.737108  -0.074233  -0.212801  2.01614  0.16352  
A-CFR_IN  -0.0376916  0.00219423  0.00962444  2.77556e-16  0.0412566  0.0166922  -0.00709488  -0.577156  1.71013  0.294772  
BPS-CFR  0.102762  0.15033  -0.081772  -0.0412566  2.77556e-17  -0.0544795  -0.475801  -0.460044  2.02979  -0.100011  
TIPS-CFR  0.161828  0.00730495  -0.737108  -0.0166922  0.0544795  2.94469e-16  -0.0510051  -0.524512  2.40165  0.150973  
IPS-CFR  0.149775  0.136075  0.074233  0.00709488  0.475801  0.0510051  -9.71445e-17  -0.290821  2.61708  0.273692  
PI  0.207197  0.698994  0.212801  0.577156  0.460044  0.524512  0.290821  0  0  0.226389  
greed_punisher  -3.95518  -2.29697  -2.01614  -1.71013  -2.02979  -2.40165  -2.61708  0  0  -2.45278  
FP  0.17106  0.257131  -0.16352  -0.294772  0.100011  -0.150973  -0.273692  -0.226389  2.45278  0  
t = 15
CFR  5.55112e-17  -0.0327297  0.257496  -0.0638514  0.150466  -0.165126  -0.184545  -0.423759  1.54498  0.651668  
A-CFR  0.0327297  0  -0.316387  0.018728  0.131633  -0.0317265  0.0486292  -0.358493  2.63484  -0.0908864  
CFR_IN  -0.257496  0.316387  0  -0.0582283  -0.320838  0.166786  -0.149419  -0.362022  1.89369  -0.0422584  
A-CFR_IN  0.0638514  -0.018728  0.0582283  -8.32667e-17  -0.1308  -0.018118  -0.0200076  -0.211351  1.8813  -0.0434803  
BPS-CFR  -0.150466  -0.131633  0.320838  0.1308  5.55112e-17  0.11627  -0.119656  0.0164681  2.6132  0.550179  
TIPS-CFR  0.165126  0.0317265  -0.166786  0.018118  -0.11627  2.77556e-17  -0.0588649  -0.0600991  1.88929  0.167635  
IPS-CFR  0.184545  -0.0486292  0.149419  0.0200076  0.119656  0.0588649  1.11022e-16  -0.0723481  2.51793  1.11905  
PI  0.423759  0.358493  0.362022  0.211351  -0.0164681  0.0600991  0.0723481  0  -2.94444  1.075  
greed_punisher  -1.54498  -2.63484  -1.89369  -1.8813  -2.6132  -1.88929  -2.51793  2.94444  0  -2.44028  
FP  -0.651668  0.0908864  0.0422584  0.0434803  -0.550179  -0.167635  -1.11905  -1.075  2.44028  0  
t = 16
CFR  0  -0.311532  -0.0717409  0.0806172  0.196985  -0.261082  -0.150334  0.145612  1.64446  0.874793  
A-CFR  0.311532  -2.22045e-16  0.00214073  -0.282969  -0.0732504  -0.168999  -0.00112844  -0.405821  2.45902  0.0344136  
CFR_IN  0.0717409  -0.00214073  -1.11022e-16  -0.0973195  -0.42234  -0.0587701  -0.293247  -0.449599  1.60741  0.200734  
A-CFR_IN  -0.0806172  0.282969  0.0973195  8.32667e-17  -0.0422651  -0.0686803  -0.0255617  -1.03043  1.94827  -0.216114  
BPS-CFR  -0.196985  0.0732504  0.42234  0.0422651  0  0.299197  0.0493737  -0.654085  2.69433  0.278876  
TIPS-CFR  0.261082  0.168999  0.0587701  0.0686803  -0.299197  1.11022e-16  -0.149439  -0.855579  1.88411  0.14585  
IPS-CFR  0.150334  0.00112844  0.293247  0.0255617  -0.0493737  0.149439  1.11022e-16  -0.44918  2.62183  0.543101  
PI  -0.145612  0.405821  0.449599  1.03043  0.654085  0.855579  0.44918  0  0  1.05  
greed_punisher  -1.64446  -2.45902  -1.60741  -1.94827  -2.69433  -1.88411  -2.62183  0  0  -2.44028  
FP  -0.874793  -0.0344136  -0.200734  0.216114  -0.278876  -0.14585  -0.543101  -1.05  2.44028  0  
t = 17
CFR  0  -0.122993  -0.253504  -0.242453  -0.142396  0.0301729  0.03929  -0.596992  2.08991  -0.126176  
A-CFR  0.122993  0  0.179351  -0.193832  0.00355742  -0.235863  -0.0710422  -0.241911  2.80899  0.247604  
CFR_IN  0.253504  -0.179351  -1.11022e-16  0.0522489  -0.066668  -0.222527  -0.332336  -0.142663  2.50833  -0.388088  
A-CFR_IN  0.242453  0.193832  -0.0522489  8.32667e-17  0.0526821  -0.07601  -0.0126984  -0.40108  2.56288  -0.190271  
BPS-CFR  0.142396  -0.00355742  0.066668  -0.0526821  0  -0.00855562  0.0155001  -0.0226957  2.09516  -0.219998  
TIPS-CFR  -0.0301729  0.235863  0.222527  0.07601  0.00855562  -2.77556e-17  0.134092  -0.255802  1.85723  -0.428602  
IPS-CFR  -0.03929  0.0710422  0.332336  0.0126984  -0.0155001  -0.134092  5.55112e-17  -0.247282  2.6333  -0.30321  
PI  0.596992  0.241911  0.142663  0.40108  0.0226957  0.255802  0.247282  0  -3.82639  -1.68611  
greed_punisher  -2.08991  -2.80899  -2.50833  -2.56288  -2.09516  -1.85723  -2.6333  3.82639  0  -2.70694  
FP  0.126176  -0.247604  0.388088  0.190271  0.219998  0.428602  0.30321  1.68611  2.70694  0  
t = 18
CFR  -5.55112e-17  -0.108009  -0.256346  -0.169192  -0.130755  0.0140189  -0.0810971  -0.2831  1.70963  -0.277482  
A-CFR  0.108009  0  0.152677  -0.0561528  -0.000958021  -0.0985098  -0.0788544  -0.449767  2.7766  0.0539973  
CFR_IN  0.256346  -0.152677  -5.55112e-17  -0.10226  0.0290706  -0.175343  -0.147494  -0.357407  1.82289  0.217528  
A-CFR_IN  0.169192  0.0561528  0.10226  2.77556e-17  0.13746  0.0760023  -0.0204891  -0.466716  1.98041  0.0234491  
BPS-CFR  0.130755  0.000958021  -0.0290706  -0.13746  1.11022e-16  -0.112745  0.0770849  -0.708252  1.84307  0.178922  
TIPS-CFR  -0.0140189  0.0985098  0.175343  -0.0760023  0.112745  1.52656e-16  0.146959  -0.438927  1.83792  0.332764  
IPS-CFR  0.0810971  0.0788544  0.147494  0.0204891  -0.0770849  -0.146959  2.77556e-17  -0.261011  2.64213  -0.441063  
PI  0.2831  0.449767  0.357407  0.466716  0.708252  0.438927  0.261011  0  0  1.29167  
greed_punisher  -1.70963  -2.7766  -1.82289  -1.98041  -1.84307  -1.83792  -2.64213  0  0  -2.975  
FP  0.277482  -0.0539973  -0.217528  -0.0234491  -0.178922  -0.332764  0.441063  -1.29167  2.975  0  
t = 19
CFR  -5.55112e-17  -0.0925471  -0.0635901  -0.0926354  -0.138114  0.132758  0.113334  -0.460544  1.47095  -0.199426  
A-CFR  0.0925471  0  -0.0232352  0.0678198  -0.0261555  -0.0546569  0.0458354  -0.454467  2.78212  -0.23357  
CFR_IN  0.0635901  0.0232352  6.245e-17  -0.168217  0.0323826  -0.22739  -0.263805  -0.46779  2.06885  0.278316  
A-CFR_IN  0.0926354  -0.0678198  0.168217  6.93889e-18  0.024254  0.0527735  -0.0406952  -0.303609  1.99494  -0.00592644  
BPS-CFR  0.138114  0.0261555  -0.0323826  -0.024254  8.32667e-17  0.322817  0.0309756  -0.264381  1.80644  0.0720585  
TIPS-CFR  -0.132758  0.0546569  0.22739  -0.0527735  -0.322817  3.05311e-16  -0.35915  -0.420497  1.90899  0.152893  
IPS-CFR  -0.113334  -0.0458354  0.263805  0.0406952  -0.0309756  0.35915  5.63785e-17  -0.306087  2.64844  -0.526332  
PI  0.460544  0.454467  0.46779  0.303609  0.264381  0.420497  0.306087  0  -3.49306  -0.140278  
greed_punisher  -1.47095  -2.78212  -2.06885  -1.99494  -1.80644  -1.90899  -2.64844  3.49306  0  -2.15833  
FP  0.199426  0.23357  -0.278316  0.00592644  -0.0720585  -0.152893  0.526332  0.140278  2.15833  0  
t = 20
CFR  0  -0.109607  0.140032  0.0310694  -0.138805  0.345131  0.23057  -0.151945  2.29944  0.168408  
A-CFR  0.109607  -1.11022e-16  -0.0566266  0.122734  -0.0488486  -0.047538  -0.0242907  -0.181763  2.78861  -0.765884  
CFR_IN  -0.140032  0.0566266  0  -0.0649223  -0.297566  -0.0534704  0.300915  -0.20105  2.23485  -0.170034  
A-CFR_IN  -0.0310694  -0.122734  0.0649223  -2.77556e-17  -0.0530449  -0.0521421  -0.0835084  -0.308852  1.99547  -0.395593  
BPS-CFR  0.138805  0.0488486  0.297566  0.0530449  5.55112e-17  0.228243  0.0829557  -0.0327331  2.12693  0.294152  
TIPS-CFR  -0.345131  0.047538  0.0534704  0.0521421  -0.228243  1.38778e-16  -0.0897857  -0.488826  1.58804  -0.0020257  
IPS-CFR  -0.23057  0.0242907  -0.300915  0.0835084  -0.0829557  0.0897857  6.93889e-18  -0.0934646  1.91779  0.832561  
PI  0.151945  0.181763  0.20105  0.308852  0.0327331  0.488826  0.0934646  0  0  0.411111  
greed_punisher  -2.29944  -2.78861  -2.23485  -1.99547  -2.12693  -1.58804  -1.91779  0  0  -2.49167  
FP  -0.168408  0.765884  0.170034  0.395593  -0.294152  0.0020257  -0.832561  -0.411111  2.49167  0  
t = 21
CFR  -5.55112e-17  -0.0532032  0.378711  0.169455  -0.0758873  0.00435216  0.106908  -0.46053  1.8059  0.123442  
A-CFR  0.0532032  -1.11022e-16  -0.0679724  -0.169647  -0.0901011  0.190495  -0.067055  -0.517269  2.78283  -0.447255  
CFR_IN  -0.378711  0.0679724  -2.77556e-17  -0.0546667  -0.0423714  -0.00488787  0.334944  -0.246125  3.09921  -0.0246998  
A-CFR_IN  -0.169455  0.169647  0.0546667  2.77556e-17  -0.192678  -0.119142  -0.322531  -0.236035  2.10148  -0.17494  
BPS-CFR  0.0758873  0.0901011  0.0423714  0.192678  0  -0.404564  0.0851822  -0.245056  1.82046  -0.0934813  
TIPS-CFR  -0.00435216  -0.190495  0.00488787  0.119142  0.404564  1.45717e-16  0.161779  -0.528249  0.934552  -0.369825  
IPS-CFR  -0.106908  0.067055  -0.334944  0.322531  -0.0851822  -0.161779  0  -0.512803  1.98573  0.599661  
PI  0.46053  0.517269  0.246125  0.236035  0.245056  0.528249  0.512803  0  -3.53056  0.147222  
greed_punisher  -1.8059  -2.78283  -3.09921  -2.10148  -1.82046  -0.934552  -1.98573  3.53056  0  -1.11111  
FP  -0.123442  0.447255  0.0246998  0.17494  0.0934813  0.369825  -0.599661  -0.147222  1.11111  0  
t = 22
CFR  5.55112e-17  -0.0357128  -0.0683882  0.231645  0.0486223  -0.0688021  -0.0150776  -0.699167  1.38635  -0.0333849  
A-CFR  0.0357128  0  -0.355438  -0.0970644  -0.163134  -0.3154  -0.170751  -0.165859  2.99566  -0.281321  
CFR_IN  0.0683882  0.355438  5.55112e-17  0.0659213  0.151432  0.0727687  0.132818  -0.219008  3.01336  -0.158883  
A-CFR_IN  -0.231645  0.0970644  -0.0659213  0  -0.354521  -0.177555  -0.126933  -0.322214  2.32018  0.159767  
BPS-CFR  -0.0486223  0.163134  -0.151432  0.354521  5.55112e-17  -0.172238  0.121512  -0.144318  1.95318  -0.47607  
TIPS-CFR  0.0688021  0.3154  -0.0727687  0.177555  0.172238  2.498e-16  0.107202  0.0236909  1.46664  -0.0698986  
IPS-CFR  0.0150776  0.170751  -0.132818  0.126933  -0.121512  -0.107202  5.55112e-17  -0.183361  1.7603  -0.311431  
PI  0.699167  0.165859  0.219008  0.322214  0.144318  -0.0236909  0.183361  0  0  0.775  
greed_punisher  -1.38635  -2.99566  -3.01336  -2.32018  -1.95318  -1.46664  -1.7603  0  0  -1.11111  
FP  0.0333849  0.281321  0.158883  -0.159767  0.47607  0.0698986  0.311431  -0.775  1.11111  0  
t = 23
CFR  -2.77556e-17  0.126905  -0.0284665  0.302223  0.107369  -0.201215  -0.162215  -0.144127  1.48258  0.0572535  
A-CFR  -0.126905  0  -0.580803  -0.035335  -0.18808  -0.158166  -0.257797  -0.463447  2.80112  -0.18148  
CFR_IN  0.0284665  0.580803  -6.93889e-18  0.0513614  0.132315  0.0300192  -0.00251279  -0.0929124  3.08264  -0.401224  
A-CFR_IN  -0.302223  0.035335  -0.0513614  -1.38778e-17  -0.244057  -0.0682985  -0.141907  -0.466421  2.38062  -0.0445269  
BPS-CFR  -0.107369  0.18808  -0.132315  0.244057  2.77556e-17  -0.202003  0.0772318  -0.0117681  0.837242  -0.372682  
TIPS-CFR  0.201215  0.158166  -0.0300192  0.0682985  0.202003  1.249e-16  -0.0248112  -0.456416  0.862704  0.107696  
IPS-CFR  0.162215  0.257797  0.00251279  0.141907  -0.0772318  0.0248112  5.55112e-17  -0.29238  1.63682  -0.453711  
PI  0.144127  0.463447  0.0929124  0.466421  0.0117681  0.456416  0.29238  0  -2.82361  -0.369444  
greed_punisher  -1.48258  -2.80112  -3.08264  -2.38062  -0.837242  -0.862704  -1.63682  2.82361  0  -1.57778  
FP  -0.0572535  0.18148  0.401224  0.0445269  0.372682  -0.107696  0.453711  0.369444  1.57778  0  
t = 24
CFR  -1.04083e-17  0.109699  0.0281807  0.281574  0.088145  -0.134432  -0.209851  -0.387353  1.61099  -0.122892  
A-CFR  -0.109699  -5.55112e-17  -0.31142  -0.0581504  -0.183024  -0.242055  -0.212723  -0.0257194  2.8169  -0.195584  
CFR_IN  -0.0281807  0.31142  -4.16334e-17  0.00796221  0.00485898  0.0736189  -0.028642  -0.480628  3.15993  -0.105971  
A-CFR_IN  -0.281574  0.0581504  -0.00796221  0  -0.219629  0.00568894  -0.0446813  -0.369936  2.61614  -0.118545  
BPS-CFR  -0.088145  0.183024  -0.00485898  0.219629  -4.16334e-17  -0.352719  -0.0186979  -0.20616  1.26632  -0.118908  
TIPS-CFR  0.134432  0.242055  -0.0736189  -0.00568894  0.352719  1.94289e-16  0.0150533  0.207976  0.885707  0.0585537  
IPS-CFR  0.209851  0.212723  0.028642  0.0446813  0.0186979  -0.0150533  -8.67362e-18  -0.3287  1.87853  -0.547705  
PI  0.387353  0.0257194  0.480628  0.369936  0.20616  -0.207976  0.3287  0  0  1.29306  
greed_punisher  -1.61099  -2.8169  -3.15993  -2.61614  -1.26632  -0.885707  -1.87853  0  0  -1.57778  
FP  0.122892  0.195584  0.105971  0.118545  0.118908  -0.0585537  0.547705  -1.29306  1.57778  0  
t = 25
CFR  0  0.17303  -0.00870846  0.135369  -0.0279333  -0.105896  -0.0766488  -0.229644  1.83902  -0.266516  
A-CFR  -0.17303  0  -0.0522762  -0.274465  -0.00976849  0.103991  -0.234077  -0.229978  2.81737  -0.577895  
CFR_IN  0.00870846  0.0522762  -5.20417e-17  0.054877  -0.151036  0.112925  -0.0367619  -0.172218  3.13377  0.109593  
A-CFR_IN  -0.135369  0.274465  -0.054877  0  -0.163467  -0.000705131  0.161828  -0.139566  2.71892  0.00404967  
BPS-CFR  0.0279333  0.00976849  0.151036  0.163467  2.77556e-17  -0.204266  -0.118394  -0.303409  1.68305  -0.041385  
TIPS-CFR  0.105896  -0.103991  -0.112925  0.000705131  0.204266  0  0.0173406  -0.491073  1.8264  0.0611389  
IPS-CFR  0.0766488  0.234077  0.0367619  -0.161828  0.118394  -0.0173406  0  -0.131923  2.2199  -0.174311  
PI  0.229644  0.229978  0.172218  0.139566  0.303409  0.491073  0.131923  0  -3.67014  -0.898611  
greed_punisher  -1.83902  -2.81737  -3.13377  -2.71892  -1.68305  -1.8264  -2.2199  3.67014  0  -1.76667  
FP  0.266516  0.577895  -0.109593  -0.00404967  0.041385  -0.0611389  0.174311  0.898611  1.76667  0  
t = 26
CFR  0  0.0895157  0.0844684  0.201812  -0.126937  -0.179774  -0.0859567  -0.321449  1.7817  -0.0908541  
A-CFR  -0.0895157  0  -0.0447881  0.151184  0.0124251  -0.0243325  -0.341407  -0.202642  2.81783  -0.0100205  
CFR_IN  -0.0844684  0.0447881  -4.16334e-17  0.0276497  -0.182925  0.0127097  -0.154062  -0.364022  3.25046  0.237977  
A-CFR_IN  -0.201812  -0.151184  -0.0276497  0  -0.122221  -0.166232  -0.0789983  -0.349721  2.50158  0.222204  
BPS-CFR  0.126937  -0.0124251  0.182925  0.122221  0  -0.0829536  0.0208841  -0.123522  2.86765  -0.382436  
TIPS-CFR  0.179774  0.0243325  -0.0127097  0.166232  0.0829536  2.22045e-16  -0.0156216  -0.196637  1.65316  -0.0901962  
IPS-CFR  0.0859567  0.341407  0.154062  0.0789983  -0.0208841  0.0156216  2.77556e-17  -1.08593  2.10422  0.0690502  
PI  0.321449  0.202642  0.364022  0.349721  0.123522  0.196637  1.08593  0  0  -0.427778  
greed_punisher  -1.7817  -2.81783  -3.25046  -2.50158  -2.86765  -1.65316  -2.10422  0  0  -2.05  
FP  0.0908541  0.0100205  -0.237977  -0.222204  0.382436  0.0901962  -0.0690502  0.427778  2.05  0  
t = 27
CFR  4.85723e-17  -0.052805  0.100144  -0.0333985  -0.113819  -0.0672953  -0.109647  -0.377573  1.49868  0.362206  
A-CFR  0.052805  0  0.0156473  0.0499583  -0.270475  -0.162096  -0.398065  -0.235461  2.81826  0.243566  
CFR_IN  -0.100144  -0.0156473  -8.32667e-17  0.0831196  -0.186055  -0.0809149  -0.0756013  -0.327967  2.48351  0.106465  
A-CFR_IN  0.0333985  -0.0499583  -0.0831196  0  -0.165246  -0.15141  -0.205738  -0.150099  2.59777  0.0686111  
BPS-CFR  0.113819  0.270475  0.186055  0.165246  1.11022e-16  -0.0506246  0.128697  -0.21449  2.7001  -0.198415  
TIPS-CFR  0.0672953  0.162096  0.0809149  0.15141  0.0506246  8.32667e-17  -0.0254275  -0.454921  1.41064  0.317171  
IPS-CFR  0.109647  0.398065  0.0756013  0.205738  -0.128697  0.0254275  1.66533e-16  0.213054  2.57572  0.00742838  
PI  0.377573  0.235461  0.327967  0.150099  0.21449  0.454921  -0.213054  0  -3.49861  1.55417  
greed_punisher  -1.49868  -2.81826  -2.48351  -2.59777  -2.7001  -1.41064  -2.57572  3.49861  0  -2.05  
FP  -0.362206  -0.243566  -0.106465  -0.0686111  0.198415  -0.317171  -0.00742838  -1.55417  2.05  0  
t = 28
CFR  -5.55112e-17  0.0422951  0.116928  -0.104142  0.0754876  0.00888548  -0.0186802  -0.0472807  1.36244  -0.0436195  
A-CFR  -0.0422951  0  -0.00717582  0.00982748  -0.425352  -0.139034  -0.0238723  -0.369047  2.82111  0.231004  
CFR_IN  -0.116928  0.00717582  -5.55112e-17  0.139199  0.00707153  -0.124918  0.0577214  0.35824  2.64406  0.0677469  
A-CFR_IN  0.104142  -0.00982748  -0.139199  -5.55112e-17  -0.193025  -0.133201  0.117675  -0.292299  2.62232  -0.213585  
BPS-CFR  -0.0754876  0.425352  -0.00707153  0.193025  1.66533e-16  -0.0276265  -0.0441697  0.300725  2.65181  0.000138335  
TIPS-CFR  -0.00888548  0.139034  0.124918  0.133201  0.0276265  3.1225e-16  -0.0159517  -0.368186  2.23611  0.214275  
IPS-CFR  0.0186802  0.0238723  -0.0577214  -0.117675  0.0441697  0.0159517  9.71445e-17  -0.55445  0.971167  -0.089304  
PI  0.0472807  0.369047  -0.35824  0.292299  -0.300725  0.368186  0.55445  0  0  -0.0805556  
greed_punisher  -1.36244  -2.82111  -2.64406  -2.62232  -2.65181  -2.23611  -0.971167  0  0  -2.1  
FP  0.0436195  -0.231004  -0.0677469  0.213585  -0.000138335  -0.214275  0.089304  0.0805556  2.1  0  
t = 29
CFR  0  0.131165  -0.00979351  0.301837  0.108097  0.0251948  0.0307927  -0.409292  1.43712  -0.178867  
A-CFR  -0.131165  0  -0.0823345  -0.0487306  -0.321659  -0.0194677  0.02367  -0.320739  2.8076  0.00929363  
CFR_IN  0.00979351  0.0823345  0  0.129389  0.103769  -0.0460943  0.0973573  -1.23854  2.64145  0.063554  
A-CFR_IN  -0.301837  0.0487306  -0.129389  -2.42861e-17  -0.306016  -0.200409  -0.0471918  -0.203781  2.67547  -0.316028  
BPS-CFR  -0.108097  0.321659  -0.103769  0.306016  -1.66533e-16  -0.0103606  -0.11436  -0.953972  2.00926  0.172575  
TIPS-CFR  -0.0251948  0.0194677  0.0460943  0.200409  0.0103606  1.66533e-16  -0.0417794  0.0543844  1.20558  0.0728509  
IPS-CFR  -0.0307927  -0.02367  -0.0973573  0.0471918  0.11436  0.0417794  1.38778e-17  -0.172313  2.08177  0.107653  
PI  0.409292  0.320739  1.23854  0.203781  0.953972  -0.0543844  0.172313  0  -3.11111  0.58125  
greed_punisher  -1.43712  -2.8076  -2.64145  -2.67547  -2.00926  -1.20558  -2.08013  3.11111  0  -2.17778  
FP  0.178867  -0.00929363  -0.063554  0.316028  -0.172575  -0.0728509  -0.107653  -0.58125  2.17778  0  
t = 30
CFR  2.77556e-17  0.51028  -0.0361325  0.0681899  0.104499  0.0407489  -0.0573914  -0.428474  2.10234  -0.164046  
A-CFR  -0.51028  0  -0.134343  0.0735176  -0.0432047  -0.242136  -0.318767  -0.209227  2.80972  -0.098218  
CFR_IN  0.0361325  0.134343  0  0.135191  0.164517  0.00865814  0.0621498  0.200807  2.3892  0.156156  
A-CFR_IN  -0.0681899  -0.0735176  -0.135191  0  -0.182941  -0.173408  -0.201186  -0.215036  2.11172  -0.360518  
BPS-CFR  -0.104499  0.0432047  -0.164517  0.182941  -6.93889e-18  0.0946889  -0.0548637  0.230313  1.86043  0.0707249  
TIPS-CFR  -0.0407489  0.242136  -0.00865814  0.173408  -0.0946889  1.38778e-16  -0.102645  -0.421155  2.00972  0.0806558  
IPS-CFR  0.0573914  0.318767  -0.0621498  0.201186  0.0548637  0.102645  1.11022e-16  -0.089757  1.07271  0.349013  
PI  0.428474  0.209227  -0.200807  0.215036  -0.230313  0.421155  0.089757  0  0  -1.04167  
greed_punisher  -2.10234  -2.80972  -2.3892  -2.11172  -1.86043  -2.00972  -1.06967  0  0  -2.17778  
FP  0.164046  0.098218  -0.156156  0.360518  -0.0707249  -0.0806558  -0.349013  1.04167  2.17778  0  
t = 31
CFR  -2.77556e-17  0.116572  -0.083851  -0.10598  0.0952068  0.0499636  0.0881181  0.0588666  2.1499  -0.168603  
A-CFR  -0.116572  5.55112e-17  -0.234049  -0.0325034  -0.003171  -0.245143  -0.0650217  -0.298172  2.81323  0.124245  
CFR_IN  0.083851  0.234049  -5.55112e-17  0.155442  0.168198  0.000523657  0.0782564  -0.394483  2.40731  0.154816  
A-CFR_IN  0.10598  0.0325034  -0.155442  0  -0.134181  0.0369886  -0.262446  -0.125558  2.26841  -0.258449  
BPS-CFR  -0.0952068  0.003171  -0.168198  0.134181  6.93889e-17  0.112909  -0.108364  -0.518918  2.42648  0.141426  
TIPS-CFR  -0.0499636  0.245143  -0.000523657  -0.0369886  -0.112909  6.93889e-17  -0.151822  -0.122431  1.14896  -0.0427704  
IPS-CFR  -0.0881181  0.0650217  -0.0782564  0.262446  0.108364  0.151822  5.55112e-17  -0.122371  1.4372  0.453747  
PI  -0.0588666  0.298172  0.394483  0.125558  0.518918  0.122431  0.122371  0  -3.41944  1.11111  
greed_punisher  -2.1499  -2.81323  -2.40731  -2.26841  -2.42648  -1.14896  -1.43484  3.41944  0  -2.75  
FP  0.168603  -0.124245  -0.154816  0.258449  -0.141426  0.0427704  -0.453747  -1.11111  2.75  0  
t = 32
CFR  0  -0.247147  -0.0938775  0.02842  0.0661715  0.014879  0.191836  -0.318998  2.18472  -0.189148  
A-CFR  0.247147  8.32667e-17  -0.246744  -0.0288997  -0.0187904  -0.139838  -0.155717  -0.254341  2.85612  -0.374276  
CFR_IN  0.0938775  0.246744  -2.08167e-17  0.156482  0.0695414  -0.000483606  -0.000486715  -0.132881  2.85532  0.0841975  
A-CFR_IN  -0.02842  0.0288997  -0.156482  0  -0.0688929  0.0238811  -0.312383  -0.423431  1.8402  -0.155385  
BPS-CFR  -0.0661715  0.0187904  -0.0695414  0.0688929  5.55112e-17  0.0546266  -0.0326993  -0.381754  2.11085  -0.0365451  
TIPS-CFR  -0.014879  0.139838  0.000483606  -0.0238811  -0.0546266  5.55112e-17  0.0280094  -0.097803  2.1001  0.0708707  
IPS-CFR  -0.191836  0.155717  0.000486715  0.312383  0.0326993  -0.0280094  0  -0.385025  1.60375  0.187439  
PI  0.318998  0.254341  0.132881  0.423431  0.381754  0.097803  0.385025  0  0  -0.0270833  
greed_punisher  -2.18472  -2.85612  -2.85532  -1.8402  -2.11085  -2.1001  -1.60141  0  0  -2.43333  
FP  0.189148  0.374276  -0.0841975  0.155385  0.0365451  -0.0708707  -0.187439  0.0270833  2.43333  0  
t = 33
CFR  0  -0.336996  -0.0980727  0.128159  0.0595827  -0.0527766  0.116266  -0.0665367  2.38472  -0.0987989  
A-CFR  0.336996  0  -0.275522  0.0220741  -0.109821  -0.101183  -0.0786754  -0.187176  2.62015  0.158423  
CFR_IN  0.0980727  0.275522  1.14492e-16  0.133538  0.117549  0.022667  -0.101353  -0.223689  3.12386  -0.0168701  
A-CFR_IN  -0.128159  -0.0220741  -0.133538  1.38778e-16  0.204187  -0.105053  -0.306903  -0.223086  2.36366  -0.0724838  
BPS-CFR  -0.0595827  0.109821  -0.117549  -0.204187  -5.55112e-17  0.0295918  0.00538502  -0.0553171  2.15465  0.149825  
TIPS-CFR  0.0527766  0.101183  -0.022667  0.105053  -0.0295918  1.38778e-16  0.0950399  -0.364404  0.712267  -0.091991  
IPS-CFR  -0.116266  0.0786754  0.101353  0.306903  -0.00538502  -0.0950399  6.93889e-17  -0.260478  1.63543  0.24197  
PI  0.0665367  0.187176  0.223689  0.223086  0.0553171  0.364404  0.260478  0  -3.19306  -0.355556  
greed_punisher  -2.38472  -2.62015  -3.12386  -2.36366  -2.15465  -0.712267  -1.62857  3.19306  0  -2.43333  
FP  0.0987989  -0.158423  0.0168701  0.0724838  -0.149825  0.091991  -0.24197  0.355556  2.43333  0  
t = 34
CFR  0  -0.248025  -0.140504  0.0235058  0.0883949  -0.0560269  0.00119717  0.0630836  2.59023  -0.00595949  
A-CFR  0.248025  5.55112e-17  -0.135529  0.188514  -0.0329911  -0.0956392  -0.058962  -0.334937  2.84501  -0.115529  
CFR_IN  0.140504  0.135529  0  0.102675  0.198832  -0.0838773  -0.191206  -0.152426  2.4876  0.0686145  
A-CFR_IN  -0.0235058  -0.188514  -0.102675  1.11022e-16  -0.276922  -0.165046  -0.324906  -0.251167  2.41042  -0.133286  
BPS-CFR  -0.0883949  0.0329911  -0.198832  0.276922  -7.63278e-17  -0.0418757  0.0751072  -0.199937  2.17327  0.31646  
TIPS-CFR  0.0560269  0.0956392  0.0838773  0.165046  0.0418757  8.32667e-17  0.0912328  -0.0113707  2.13104  -0.0498851  
IPS-CFR  -0.00119717  0.058962  0.191206  0.324906  -0.0751072  -0.0912328  1.38778e-17  -0.200789  2.01276  -0.114065  
PI  -0.0630836  0.334937  0.152426  0.251167  0.199937  0.0113707  0.200789  0  0  0.730556  
greed_punisher  -2.59023  -2.84501  -2.4876  -2.41042  -2.17327  -2.13104  -2.00961  0  0  -2.56667  
FP  0.00595949  0.115529  -0.0686145  0.133286  -0.31646  0.0498851  0.114065  -0.730556  2.56667  0  
t = 35
CFR  1.04083e-17  -0.0266551  -0.184008  0.0587167  0.113396  -0.0573195  -0.203052  -0.372612  1.26694  0.0853276  
A-CFR  0.0266551  -2.77556e-17  -0.185208  -0.0224422  -0.193156  -0.132265  -0.125237  -0.357564  3.08527  -0.358436  
CFR_IN  0.184008  0.185208  -6.245e-17  0.0867576  0.0930105  -0.0372577  -0.194709  -0.27123  3.3096  0.159385  
A-CFR_IN  -0.0587167  0.0224422  -0.0867576  -8.32667e-17  -0.260232  -0.194136  -0.283931  -0.219075  2.48702  -0.0530419  
BPS-CFR  -0.113396  0.193156  -0.0930105  0.260232  0  -0.0787325  0.142403  -0.222545  2.20248  0.0843368  
TIPS-CFR  0.0573195  0.132265  0.0372577  0.194136  0.0787325  1.94289e-16  0.083801  -0.239231  1.77131  -0.244825  
IPS-CFR  0.203052  0.125237  0.194709  0.283931  -0.142403  -0.083801  6.93889e-17  -0.124864  1.87652  -0.000351669  
PI  0.372612  0.357564  0.27123  0.219075  0.222545  0.239231  0.124864  0  -3.09722  -0.0143519  
greed_punisher  -1.26694  -3.08527  -3.3096  -2.48702  -2.20248  -1.77131  -1.87652  3.09722  0  -2.54167  
FP  -0.0853276  0.358436  -0.159385  0.0530419  -0.0843368  0.244825  0.000351669  0.0143519  2.54167  0  
t = 36
CFR  0  -0.0185237  0.0624748  0.394666  0.0667689  -0.0493206  -0.335496  -0.370599  2.13753  0.145622  
