learner/env  CFR  CFR_IN  A-CFR_IN  BPS-CFR  TIPS-CFR  CSPS-CFR  CFPS-CFR  
t = 0
CFR  5.55112e-17  5.55112e-17  5.55112e-17  5.55112e-17  5.55112e-17  5.55112e-17  5.55112e-17  
CFR_IN  5.55112e-17  5.55112e-17  5.55112e-17  5.55112e-17  5.55112e-17  5.55112e-17  5.55112e-17  
A-CFR_IN  5.55112e-17  5.55112e-17  5.55112e-17  5.55112e-17  5.55112e-17  5.55112e-17  5.55112e-17  
BPS-CFR  5.55112e-17  5.55112e-17  5.55112e-17  5.55112e-17  5.55112e-17  5.55112e-17  5.55112e-17  
TIPS-CFR  5.55112e-17  5.55112e-17  5.55112e-17  5.55112e-17  5.55112e-17  5.55112e-17  5.55112e-17  
CSPS-CFR  5.55112e-17  5.55112e-17  5.55112e-17  5.55112e-17  5.55112e-17  5.55112e-17  5.55112e-17  
CFPS-CFR  5.55112e-17  5.55112e-17  5.55112e-17  5.55112e-17  5.55112e-17  5.55112e-17  5.55112e-17  
t = 1
CFR  0  0.746667  0.746667  0  0.746667  0.0041177  0.746667  
CFR_IN  -0.746667  0  0  -0.746667  1.11022e-15  -0.742549  1.11022e-15  
A-CFR_IN  -0.746667  0  0  -0.746667  1.11022e-15  -0.742549  1.11022e-15  
BPS-CFR  0  0.746667  0.746667  0  0.746667  0.0041177  0.746667  
TIPS-CFR  -0.746667  -8.88178e-16  -8.88178e-16  -0.746667  0  -0.742549  0  
CSPS-CFR  -0.0041177  0.742549  0.742549  -0.0041177  0.742549  0  0.742549  
CFPS-CFR  -0.746667  -8.88178e-16  -8.88178e-16  -0.746667  0  -0.742549  0  
t = 2
CFR  0  -0.257224  1.42159  0.0258926  -0.236516  0.0257885  -0.235586  
CFR_IN  0.257224  -4.44089e-16  1.36927  0.284507  0.0253805  0.275034  0.0267354  
A-CFR_IN  -1.42159  -1.36927  -1.11022e-16  -1.39501  -1.34782  -1.41376  -1.34648  
BPS-CFR  -0.0258926  -0.284507  1.39501  0  -0.264537  -0.00347207  -0.263632  
TIPS-CFR  0.236516  -0.0253805  1.34782  0.264537  0  0.253169  0.00134933  
CSPS-CFR  -0.0257885  -0.275034  1.41376  0.00347207  -0.253169  0  -0.251961  
CFPS-CFR  0.235586  -0.0267354  1.34648  0.263632  -0.00134933  0.251961  0  
t = 3
CFR  0  -0.060335  0.581755  -0.0590051  -0.0624553  -0.265506  -0.0633996  
CFR_IN  0.060335  0  0.415818  0.0353877  0.0196449  -0.181284  0.0182866  
A-CFR_IN  -0.581755  -0.415818  2.50668e-15  -0.556692  -0.390815  -0.558327  -0.390369  
BPS-CFR  0.0590051  -0.0353877  0.556692  0  -0.0366131  -0.222093  -0.0373078  
TIPS-CFR  0.0624553  -0.0196449  0.390815  0.0366131  0  -0.189757  -0.00132652  
CSPS-CFR  0.265506  0.181284  0.558327  0.222093  0.189757  1.11022e-16  0.189405  
CFPS-CFR  0.0633996  -0.0182866  0.390369  0.0373078  0.00132652  -0.189405  0  
t = 4
CFR  -4.16334e-17  -0.0668236  0.31762  -0.0336975  -0.0489646  -0.0187521  -0.0519243  
CFR_IN  0.0668236  -3.33067e-16  0.23338  0.0564034  -0.00751027  0.0253811  -0.0129911  
A-CFR_IN  -0.31762  -0.23338  9.99201e-16  -0.356907  -0.292052  -0.342841  -0.292718  
BPS-CFR  0.0336975  -0.0564034  0.356907  8.32667e-17  -0.0416443  -0.00951236  -0.0446568  
TIPS-CFR  0.0489646  0.00751027  0.292052  0.0416443  -3.05311e-16  0.025637  -0.00388647  
CSPS-CFR  0.0187521  -0.0253811  0.342841  0.00951236  -0.025637  -1.38778e-16  -0.0309147  
CFPS-CFR  0.0519243  0.0129911  0.292718  0.0446568  0.00388647  0.0309147  1.66533e-16  
t = 5
CFR  5.55112e-17  0.0604472  0.0552381  -0.0793509  -0.0068746  -0.0947822  -0.031295  
CFR_IN  -0.0604472  1.11022e-16  0.15138  -0.0583629  0.0207302  -0.0832545  -0.0572126  
A-CFR_IN  -0.0552381  -0.15138  2.22045e-16  -0.053385  -0.113923  -0.161672  -0.103876  
BPS-CFR  0.0793509  0.0583629  0.053385  2.77556e-17  -0.0119049  -0.0895024  -0.0384646  
TIPS-CFR  0.0068746  -0.0207302  0.113923  0.0119049  -1.11022e-16  -0.0701312  -0.0895269  
CSPS-CFR  0.0947822  0.0832545  0.161672  0.0895024  0.0701312  5.55112e-17  0.0711864  
CFPS-CFR  0.031295  0.0572126  0.103876  0.0384646  0.0895269  -0.0711864  1.11022e-16  
t = 6
CFR  -5.55112e-17  0.0452025  0.0996961  0.0595418  0.122112  0.0250172  0.11156  
CFR_IN  -0.0452025  1.11022e-16  0.189463  0.013116  -0.129053  0.0225982  -0.0715225  
A-CFR_IN  -0.0996961  -0.189463  1.14492e-15  -0.153282  -0.362494  -0.23286  -0.343862  
BPS-CFR  -0.0595418  -0.013116  0.153282  -5.55112e-17  0.125685  0.0130161  0.0975623  
TIPS-CFR  -0.122112  0.129053  0.362494  -0.125685  -2.22045e-16  0.0486107  0.076578  
CSPS-CFR  -0.0250172  -0.0225982  0.23286  -0.0130161  -0.0486107  -2.77556e-17  -0.0867881  
CFPS-CFR  -0.11156  0.0715225  0.343862  -0.0975623  -0.076578  0.0867881  2.22045e-16  
t = 7
CFR  0  -0.0823576  0.4153  -0.0989752  -0.250481  -0.0274426  -0.303186  
CFR_IN  0.0823576  4.44089e-16  0.34418  0.05629  -0.128018  -0.151952  -0.0698958  
A-CFR_IN  -0.4153  -0.34418  2.38698e-15  -0.303434  -0.324665  -0.254361  -0.283643  
BPS-CFR  0.0989752  -0.05629  0.303434  -1.11022e-16  -0.357003  -0.0023818  -0.306089  
TIPS-CFR  0.250481  0.128018  0.324665  0.357003  5.55112e-17  -0.155719  0.0544468  
CSPS-CFR  0.0274426  0.151952  0.254361  0.0023818  0.155719  1.66533e-16  0.225812  
CFPS-CFR  0.303186  0.0698958  0.283643  0.306089  -0.0544468  -0.225812  2.22045e-16  
t = 8
CFR  -1.11022e-16  -0.258226  0.300125  -0.0368954  -0.226618  -0.1263  -0.181997  
CFR_IN  0.258226  6.66134e-16  0.324126  -0.165983  -0.00759996  0.0815603  -0.0124715  
A-CFR_IN  -0.300125  -0.324126  4.77396e-15  -0.216758  -0.231993  -0.175131  -0.232342  
BPS-CFR  0.0368954  0.165983  0.216758  0  0.0707148  0.0695609  0.0806524  
TIPS-CFR  0.226618  0.00759996  0.231993  -0.0707148  2.63678e-16  0.31349  -0.0181977  
CSPS-CFR  0.1263  -0.0815603  0.175131  -0.0695609  -0.31349  2.77556e-16  -0.286071  
CFPS-CFR  0.181997  0.0124715  0.232342  -0.0806524  0.0181977  0.286071  2.498e-16  
t = 9
CFR  -2.77556e-17  -0.107241  0.201986  -0.152955  -0.192032  -0.230612  -0.18693  
CFR_IN  0.107241  7.49401e-16  0.318763  -0.0184815  0.102232  -0.12543  0.0750689  
A-CFR_IN  -0.201986  -0.318763  7.99361e-15  -0.246306  -0.216563  -0.30341  -0.30007  
BPS-CFR  0.152955  0.0184815  0.246306  0  0.0522561  -0.00429887  0.0887943  
TIPS-CFR  0.192032  -0.102232  0.216563  -0.0522561  1.94289e-16  -0.0787077  -0.0858061  
CSPS-CFR  0.230612  0.12543  0.30341  0.00429887  0.0787077  2.22045e-16  0.106737  
CFPS-CFR  0.18693  -0.0750689  0.30007  -0.0887943  0.0858061  -0.106737  5.55112e-17  
t = 10
CFR  -1.38778e-17  -0.245165  -0.05697  -0.160496  -0.072756  -0.0979122  0.0354876  
CFR_IN  0.245165  6.66134e-16  0.0550078  0.261585  -0.0465212  0.225596  -0.105398  
A-CFR_IN  0.05697  -0.0550078  0  0.00861795  -0.103545  -0.0047606  -0.150842  
BPS-CFR  0.160496  -0.261585  -0.00861795  -1.38778e-17  0.0159251  -0.195622  -0.0845942  
TIPS-CFR  0.072756  0.0465212  0.103545  -0.0159251  2.77556e-16  0.0258267  0.0273178  
CSPS-CFR  0.0979122  -0.225596  0.0047606  0.195622  -0.0258267  1.80411e-16  0.0504621  
CFPS-CFR  -0.0354876  0.105398  0.150842  0.0845942  -0.0273178  -0.0504621  1.38778e-16  
t = 11
CFR  0  0.0767714  -0.198832  -0.248249  0.0398425  0.170407  0.0429177  
CFR_IN  -0.0767714  7.97973e-16  -0.225881  -0.00844733  -0.0450296  0.01474  -0.0270285  
A-CFR_IN  0.198832  0.225881  2.44249e-15  0.204663  0.131206  0.190465  0.178972  
BPS-CFR  0.248249  0.00844733  -0.204663  3.46945e-18  -0.254402  -0.0825792  -0.106  
TIPS-CFR  -0.0398425  0.0450296  -0.131206  0.254402  3.88578e-16  -0.0638857  -0.0413272  
CSPS-CFR  -0.170407  -0.01474  -0.190465  0.0825792  0.0638857  -2.77556e-17  -0.136129  
CFPS-CFR  -0.0429177  0.0270285  -0.178972  0.106  0.0413272  0.136129  2.77556e-16  
t = 12
CFR  1.11022e-16  0.200511  -0.249132  0.00348029  0.0500489  -0.432819  -0.123091  
CFR_IN  -0.200511  2.91434e-16  -0.0702221  0.101459  -0.224571  -0.146657  -0.229253  
A-CFR_IN  0.249132  0.0702221  2.22045e-16  0.313964  0.0134624  0.381646  0.0725882  
BPS-CFR  -0.00348029  -0.101459  -0.313964  5.55112e-17  0.0114159  -0.121818  0.0173524  
TIPS-CFR  -0.0500489  0.224571  -0.0134624  -0.0114159  1.66533e-16  -0.195164  0.205607  
CSPS-CFR  0.432819  0.146657  -0.381646  0.121818  0.195164  -1.38778e-17  -0.00747541  
CFPS-CFR  0.123091  0.229253  -0.0725882  -0.0173524  -0.205607  0.00747541  5.55112e-17  
t = 13
CFR  -2.77556e-17  0.288859  0.177018  -0.022982  0.32987  -0.324862  0.210094  
CFR_IN  -0.288859  1.94289e-16  0.0272416  -0.197846  -0.609077  0.138606  -0.353363  
A-CFR_IN  -0.177018  -0.0272416  1.11022e-15  -0.100106  -0.139658  -0.0271168  -0.0011392  
BPS-CFR  0.022982  0.197846  0.100106  -2.77556e-17  -0.0184218  0.0486351  -0.111563  
TIPS-CFR  -0.32987  0.609077  0.139658  0.0184218  4.44089e-16  0.248626  0.255601  
CSPS-CFR  0.324862  -0.138606  0.0271168  -0.0486351  -0.248626  1.11022e-16  -0.0726862  
CFPS-CFR  -0.210094  0.353363  0.0011392  0.111563  -0.255601  0.0726862  -5.55112e-17  
t = 14
CFR  1.11022e-16  0.0368342  0.174271  -0.102762  -0.161828  -0.0953079  -0.286927  
CFR_IN  -0.0368342  2.22045e-16  0.221468  0.0843026  0.720525  -0.377455  0.494531  
A-CFR_IN  -0.174271  -0.221468  7.77156e-16  -0.246582  -0.508034  -0.0810473  -0.448819  
BPS-CFR  0.102762  -0.0843026  0.246582  5.55112e-17  -0.0516067  -0.133414  -0.159845  
TIPS-CFR  0.161828  -0.720525  0.508034  0.0516067  2.22045e-16  0.0890776  -0.219108  
CSPS-CFR  0.0953079  0.377455  0.0810473  0.133414  -0.0890776  1.11022e-16  -0.0245949  
CFPS-CFR  0.286927  -0.494531  0.448819  0.159845  0.219108  0.0245949  1.66533e-16  
t = 15
CFR  5.55112e-17  0.257496  0.184412  0.150466  -0.165126  0.0134243  0.00958142  
CFR_IN  -0.257496  5.55112e-17  0.277244  -0.317035  0.159135  -0.18896  0.194458  
A-CFR_IN  -0.184412  -0.277244  4.996e-16  -0.216457  -0.31851  -0.332996  -0.370403  
BPS-CFR  -0.150466  0.317035  0.216457  -8.32667e-17  0.118869  0.0124453  0.276692  
TIPS-CFR  0.165126  -0.159135  0.31851  -0.118869  8.32667e-17  -0.169989  -0.315355  
CSPS-CFR  -0.0134243  0.18896  0.332996  -0.0124453  0.169989  2.35922e-16  0.297211  
CFPS-CFR  -0.00958142  -0.194458  0.370403  -0.276692  0.315355  -0.297211  -1.03216e-16  
t = 16
CFR  -8.32667e-17  -0.0717409  0.296974  0.189871  -0.261639  -0.199524  0.0873999  
CFR_IN  0.0717409  3.60822e-16  0.439631  -0.425593  -0.0931105  -0.0682601  -0.00647294  
A-CFR_IN  -0.296974  -0.439631  5.55112e-16  -0.322776  -0.312924  -0.366981  -0.445052  
BPS-CFR  -0.189871  0.425593  0.322776  0  0.30253  0.265335  -0.0310715  
TIPS-CFR  0.261639  0.0931105  0.312924  -0.30253  1.76942e-16  0.0477467  0.137804  
CSPS-CFR  0.199524  0.0682601  0.366981  -0.265335  -0.0477467  1.38778e-16  0.0032501  
CFPS-CFR  -0.0873999  0.00647294  0.445052  0.0310715  -0.137804  -0.0032501  5.89806e-17  
t = 17
CFR  -5.55112e-17  -0.253504  0.35017  -0.145421  0.0308874  0.189998  0.145348  
CFR_IN  0.253504  2.77556e-16  0.307224  -0.0621604  -0.217397  -0.0158364  0.0118617  
A-CFR_IN  -0.35017  -0.307224  3.33067e-16  -0.233769  -0.283661  -0.222731  -0.341416  
BPS-CFR  0.145421  0.0621604  0.233769  1.11022e-16  0.000708332  0.190196  0.0644956  
TIPS-CFR  -0.0308874  0.217397  0.283661  -0.000708332  8.32667e-17  0.114098  0.167291  
CSPS-CFR  -0.189998  0.0158364  0.222731  -0.190196  -0.114098  1.94289e-16  0.133773  
CFPS-CFR  -0.145348  -0.0118617  0.341416  -0.0644956  -0.167291  -0.133773  3.05311e-16  
t = 18
CFR  0  -0.256346  0.283166  -0.129227  0.0127332  0.31521  -0.0231322  
CFR_IN  0.256346  1.66533e-16  0.292639  0.0298629  -0.0909652  -0.0757118  -0.0452538  
A-CFR_IN  -0.283166  -0.292639  2.22045e-16  -0.240317  -0.340976  -0.31845  -0.451558  
BPS-CFR  0.129227  -0.0298629  0.240317  -1.11022e-16  -0.117267  0.264997  0.420703  
TIPS-CFR  -0.0127332  0.0909652  0.340976  0.117267  1.94289e-16  -0.046106  0.181619  
CSPS-CFR  -0.31521  0.0757118  0.31845  -0.264997  0.046106  2.22045e-16  0.255088  
CFPS-CFR  0.0231322  0.0452538  0.451558  -0.420703  -0.181619  -0.255088  3.88578e-16  
t = 19
CFR  -1.11022e-16  -0.0635901  0.236902  -0.135693  0.133746  0.228456  0.0663956  
CFR_IN  0.0635901  3.95517e-16  0.411091  0.0339706  -0.180824  0.0740544  -0.240913  
A-CFR_IN  -0.236902  -0.411091  1.44329e-15  -0.247168  -0.254096  -0.296188  -0.317777  
BPS-CFR  0.135693  -0.0339706  0.247168  1.38778e-17  0.30524  0.109495  0.233956  
TIPS-CFR  -0.133746  0.180824  0.254096  -0.30524  4.16334e-16  -0.115005  0.0532459  
CSPS-CFR  -0.228456  -0.0740544  0.296188  -0.109495  0.115005  0  -0.0626187  
CFPS-CFR  -0.0663956  0.240913  0.317777  -0.233956  -0.0532459  0.0626187  3.88578e-16  
t = 20
CFR  0  0.140032  0.168964  -0.138779  0.346618  0.198722  0.375696  
CFR_IN  -0.140032  4.23273e-16  0.255955  -0.296553  -0.0293484  0.180267  -0.0187834  
A-CFR_IN  -0.168964  -0.255955  7.63278e-16  -0.235018  -0.251549  -0.317873  -0.243347  
BPS-CFR  0.138779  0.296553  0.235018  -5.55112e-17  0.206869  0.080273  -0.120207  
TIPS-CFR  -0.346618  0.0293484  0.251549  -0.206869  2.77556e-16  0.203952  0.030147  
CSPS-CFR  -0.198722  -0.180267  0.317873  -0.080273  -0.203952  4.33681e-17  -0.426415  
CFPS-CFR  -0.375696  0.0187834  0.243347  0.120207  -0.030147  0.426415  6.10623e-16  
t = 21
CFR  5.55112e-17  0.378711  0.312518  -0.0721438  0.00414855  -0.0243288  0.0394474  
CFR_IN  -0.378711  2.98372e-16  0.232392  -0.0402313  -0.00523186  -0.218818  0.102564  
A-CFR_IN  -0.312518  -0.232392  9.29812e-16  -0.386922  -0.34128  -0.346491  -0.233256  
BPS-CFR  0.0721438  0.0402313  0.386922  -5.55112e-17  -0.35725  0.0251037  0.00579308  
TIPS-CFR  -0.00414855  0.00523186  0.34128  0.35725  8.32667e-17  0.435681  0.0535104  
CSPS-CFR  0.0243288  0.218818  0.346491  -0.0251037  -0.435681  -8.32667e-17  -0.322883  
CFPS-CFR  -0.0394474  -0.102564  0.233256  -0.00579308  -0.0535104  0.322883  3.88578e-16  
t = 22
CFR  -5.55112e-17  -0.0683882  0.21706  0.04971  -0.0689577  -0.138386  -0.102436  
CFR_IN  0.0683882  3.26128e-16  0.256881  0.14155  -0.0232984  0.0731506  0.0349125  
A-CFR_IN  -0.21706  -0.256881  8.18789e-16  -0.428041  -0.496034  -0.327571  -0.277122  
BPS-CFR  -0.04971  -0.14155  0.428041  1.11022e-16  -0.179098  -0.176355  -0.297905  
TIPS-CFR  0.0689577  0.0232984  0.496034  0.179098  2.22045e-16  0.126009  0.043537  
CSPS-CFR  0.138386  -0.0731506  0.327571  0.176355  -0.126009  0  -0.189277  
CFPS-CFR  0.102436  -0.0349125  0.277122  0.297905  -0.043537  0.189277  0  
t = 23
CFR  0  -0.0284665  -0.0169413  0.107016  -0.2011  -0.134141  -0.188236  
CFR_IN  0.0284665  1.52656e-16  0.216009  0.136676  -0.0270954  0.150589  0.0449217  
A-CFR_IN  0.0169413  -0.216009  4.44089e-16  -0.309275  -0.385043  -0.309344  -0.310003  
BPS-CFR  -0.107016  -0.136676  0.309275  2.77556e-17  -0.24351  -0.192934  -0.33936  
TIPS-CFR  0.2011  0.0270954  0.385043  0.24351  5.55112e-17  -0.0610596  0.00120172  
CSPS-CFR  0.134141  -0.150589  0.309344  0.192934  0.0610596  1.38778e-16  -0.0354318  
CFPS-CFR  0.188236  -0.0449217  0.310003  0.33936  -0.00120172  0.0354318  1.66533e-16  
t = 24
CFR  -3.46945e-18  0.0281807  0.0489778  0.0660365  -0.133681  -0.0534336  -0.265876  
CFR_IN  -0.0281807  2.77556e-16  0.283554  -0.000918254  0.0881899  -0.0578596  0.0419699  
A-CFR_IN  -0.0489778  -0.283554  1.38778e-15  -0.127197  -0.359535  -0.259892  -0.359213  
BPS-CFR  -0.0660365  0.000918254  0.127197  -6.245e-17  -0.344943  -0.173339  -0.242713  
TIPS-CFR  0.133681  -0.0881899  0.359535  0.344943  3.33067e-16  -0.0723583  -0.0128355  
CSPS-CFR  0.0534336  0.0578596  0.259892  0.173339  0.0723583  1.80411e-16  -0.00847629  
CFPS-CFR  0.265876  -0.0419699  0.359213  0.242713  0.0128355  0.00847629  1.11022e-16  
t = 25
CFR  -5.55112e-17  -0.00870846  0.288957  0.0114906  -0.109933  0.0190101  -0.236029  
CFR_IN  0.00870846  2.08167e-16  0.360741  -0.124515  0.135826  0.108003  0.0422198  
A-CFR_IN  -0.288957  -0.360741  1.38778e-17  -0.304458  -0.401883  -0.331459  -0.518184  
BPS-CFR  -0.0114906  0.124515  0.304458  -1.38778e-17  -0.197241  -0.236614  -0.117849  
TIPS-CFR  0.109933  -0.135826  0.401883  0.197241  8.32667e-17  -0.0903094  0.00968028  
CSPS-CFR  -0.0190101  -0.108003  0.331459  0.236614  0.0903094  3.64292e-17  0.0218327  
CFPS-CFR  0.236029  -0.0422198  0.518184  0.117849  -0.00968028  -0.0218327  6.93889e-16  
t = 26
CFR  0  0.0844684  0.413082  -0.135093  -0.184491  -0.21452  -0.133752  
CFR_IN  -0.0844684  3.60822e-16  0.317489  -0.184625  0.110383  0.0491566  0.0616425  
A-CFR_IN  -0.413082  -0.317489  2.91434e-16  -0.460455  -0.282466  -0.439205  -0.367043  
BPS-CFR  0.135093  0.184625  0.460455  0  -0.107793  0.0242371  0.00660918  
TIPS-CFR  0.184491  -0.110383  0.282466  0.107793  1.38778e-16  -0.104368  -0.0255464  
CSPS-CFR  0.21452  -0.0491566  0.439205  -0.0242371  0.104368  1.66533e-16  0.0633318  
CFPS-CFR  0.133752  -0.0616425  0.367043  -0.00660918  0.0255464  -0.0633318  3.67761e-16  
t = 27
CFR  6.93889e-17  0.100144  0.405847  -0.09171  -0.0727054  -0.196989  0.0288187  
CFR_IN  -0.100144  2.22045e-16  0.245499  -0.180979  0.00165591  0.000628496  0.0427307  
A-CFR_IN  -0.405847  -0.245499  6.93889e-17  -0.575466  -0.49425  -0.304466  -0.166362  
BPS-CFR  0.09171  0.180979  0.575466  0  -0.0630138  0.126585  0.0852201  
TIPS-CFR  0.0727054  -0.00165591  0.49425  0.0630138  2.498e-16  -0.0837172  -0.00407548  
CSPS-CFR  0.196989  -0.000628496  0.304466  -0.126585  0.0837172  1.04083e-16  0.102788  
CFPS-CFR  -0.0288187  -0.0427307  0.166362  -0.0852201  0.00407548  -0.102788  3.19189e-16  
t = 28
CFR  1.11022e-16  0.116928  0.300531  0.060269  0.0282307  -0.164521  0.0783128  
CFR_IN  -0.116928  1.11022e-16  0.255604  0.00555167  -0.134099  0.021754  -0.114411  
A-CFR_IN  -0.300531  -0.255604  2.91434e-16  -0.293444  -0.211298  -0.201533  -0.0979287  
BPS-CFR  -0.060269  -0.00555167  0.293444  0  -0.0383889  0.0683  0.00266577  
TIPS-CFR  -0.0282307  0.134099  0.211298  0.0383889  2.498e-16  -0.0741984  0.081855  
CSPS-CFR  0.164521  -0.021754  0.201533  -0.0683  0.0741984  9.71445e-17  0.113147  
CFPS-CFR  -0.0783128  0.114411  0.0979287  -0.00266577  -0.081855  -0.113147  2.498e-16  
t = 29
CFR  -5.55112e-17  -0.00979351  0.22869  0.103002  0.0370617  -0.148449  0.128248  
CFR_IN  0.00979351  0  0.247245  0.0938062  -0.0721484  0.0689726  -0.100441  
A-CFR_IN  -0.22869  -0.247245  1.33227e-15  -0.225662  -0.184078  -0.207661  -0.258265  
BPS-CFR  -0.103002  -0.0938062  0.225662  0  -0.00774432  0.00714568  0.0539984  
TIPS-CFR  -0.0370617  0.0721484  0.184078  0.00774432  1.94289e-16  -0.0491896  0.0489562  
CSPS-CFR  0.148449  -0.0689726  0.207661  -0.00714568  0.0491896  5.55112e-17  0.0311932  
CFPS-CFR  -0.128248  0.100441  0.258265  -0.0539984  -0.0489562  -0.0311932  3.88578e-16  
t = 30
CFR  4.16334e-17  -0.0361325  0.190576  0.111352  0.0404265  0.0290655  0.0392975  
CFR_IN  0.0361325  1.11022e-16  0.250875  0.162594  -0.0093389  0.00945778  0.0516666  
A-CFR_IN  -0.190576  -0.250875  6.10623e-16  -0.353534  -0.260214  -0.525617  -0.298536  
BPS-CFR  -0.111352  -0.162594  0.353534  -6.93889e-17  0.0906617  -0.0496999  0.0556263  
TIPS-CFR  -0.0404265  0.0093389  0.260214  -0.0906617  1.66533e-16  -0.0433657  -0.0488281  
CSPS-CFR  -0.0290655  -0.00945778  0.525617  0.0496999  0.0433657  -6.93889e-17  0.00498814  
CFPS-CFR  -0.0392975  -0.0516666  0.298536  -0.0556263  0.0488281  -0.00498814  4.44089e-16  
t = 31
CFR  0  -0.083851  0.254472  0.0993102  0.0447951  0.178925  -0.0157964  
CFR_IN  0.083851  9.71445e-17  0.317857  0.169761  -0.0100079  -0.1099  -0.0199868  
A-CFR_IN  -0.254472  -0.317857  6.245e-16  -0.179913  -0.331334  -0.287985  -0.337944  
BPS-CFR  -0.0993102  -0.169761  0.179913  -1.38778e-17  0.12022  -0.0899497  0.10219  
TIPS-CFR  -0.0447951  0.0100079  0.331334  -0.12022  6.05418e-16  -0.0785501  -0.169637  
CSPS-CFR  -0.178925  0.1099  0.287985  0.0899497  0.0785501  1.11022e-16  0.159226  
CFPS-CFR  0.0157964  0.0199868  0.337944  -0.10219  0.169637  -0.159226  2.77556e-16  
t = 32
CFR  0  -0.0938775  0.247604  0.0657001  0.0149253  0.134519  0.00597088  
CFR_IN  0.0938775  1.59595e-16  0.341735  0.09348  -0.00394703  -0.152963  -0.163353  
A-CFR_IN  -0.247604  -0.341735  1.1241e-15  -0.194326  -0.370911  -0.290466  -0.26582  
BPS-CFR  -0.0657001  -0.09348  0.194326  6.93889e-18  0.110031  -0.0862093  0.213065  
TIPS-CFR  -0.0149253  0.00394703  0.370911  -0.110031  2.498e-16  -0.0622415  -0.169171  
CSPS-CFR  -0.134519  0.152963  0.290466  0.0862093  0.0622415  1.80411e-16  0.222062  
CFPS-CFR  -0.00597088  0.163353  0.26582  -0.213065  0.169171  -0.222062  4.996e-16  
t = 33
CFR  -1.11022e-16  -0.0980727  0.299433  0.053455  -0.0536612  0.0560367  0.0406818  
CFR_IN  0.0980727  1.38778e-16  0.075002  0.0555935  0.0170138  -0.210636  -0.141513  
A-CFR_IN  -0.299433  -0.075002  9.71445e-16  -0.295765  -0.387084  -0.388079  -0.315332  
BPS-CFR  -0.053455  -0.0555935  0.295765  0  0.0493459  -0.0342458  0.167728  
TIPS-CFR  0.0536612  -0.0170138  0.387084  -0.0493459  3.88578e-16  0.0217786  0.0112719  
CSPS-CFR  -0.0560367  0.210636  0.388079  0.0342458  -0.0217786  -2.77556e-17  0.179755  
CFPS-CFR  -0.0406818  0.141513  0.315332  -0.167728  -0.0112719  -0.179755  2.22045e-16  
t = 34
CFR  -9.36751e-17  -0.140504  0.331787  0.0785169  -0.05332  -0.0641267  0.033963  
CFR_IN  0.140504  5.55112e-17  0.256584  0.191413  -0.00766344  -0.213132  -0.0992027  
A-CFR_IN  -0.331787  -0.256584  3.60822e-16  -0.327051  -0.39036  -0.348465  -0.27954  
BPS-CFR  -0.0785169  -0.191413  0.327051  0  -0.0298438  0.00113665  0.126744  
TIPS-CFR  0.05332  0.00766344  0.39036  0.0298438  2.77556e-16  0.007545  0.162051  
CSPS-CFR  0.0641267  0.213132  0.348465  -0.00113665  -0.007545  1.31839e-16  0.125794  
CFPS-CFR  -0.033963  0.0992027  0.27954  -0.126744  -0.162051  -0.125794  1.66533e-16  
t = 35
CFR  -3.1225e-17  -0.184008  0.357703  0.104443  -0.0451982  -0.102804  0.0665011  
CFR_IN  0.184008  6.93889e-17  0.352873  0.0878451  -0.123594  -0.198051  -0.0266316  
A-CFR_IN  -0.357703  -0.352873  5.68989e-16  -0.330747  -0.434995  -0.262153  -0.320836  
BPS-CFR  -0.104443  -0.0878451  0.330747  0  -0.0528808  -0.0237148  0.0839003  
TIPS-CFR  0.0451982  0.123594  0.434995  0.0528808  5.55112e-17  0.0309269  0.197139  
CSPS-CFR  0.102804  0.198051  0.262153  0.0237148  -0.0309269  2.22045e-16  0.0893031  
CFPS-CFR  -0.0665011  0.0266316  0.320836  -0.0839003  -0.197139  -0.0893031  3.88578e-16  
t = 36
CFR  -6.93889e-17  0.0624748  0.357573  0.126056  -0.0404418  -0.15523  0.0357698  
CFR_IN  -0.0624748  1.5786e-16  0.333608  0.010885  0.0824021  -0.123952  0.00385089  
A-CFR_IN  -0.357573  -0.333608  1.77636e-15  -0.33079  -0.423238  -0.24143  -0.349704  
BPS-CFR  -0.126056  -0.010885  0.33079  -5.55112e-17  -0.0281083  0.0210572  0.0366063  
TIPS-CFR  0.0404418  -0.0824021  0.423238  0.0281083  2.77556e-16  -0.0860262  -0.00427102  
CSPS-CFR  0.15523  0.123952  0.24143  -0.0210572  0.0860262  6.245e-17  0.058982  
CFPS-CFR  -0.0357698  -0.00385089  0.349704  -0.0366063  0.00427102  -0.058982  3.33067e-16  
t = 37
CFR  0  0.146815  0.239443  -0.00700568  -0.00737575  -0.150156  -0.0766235  
CFR_IN  -0.146815  2.0383e-16  0.27228  -0.0306269  0.23291  -0.138368  0.0427357  
A-CFR_IN  -0.239443  -0.27228  8.60423e-16  -0.327236  -0.40548  -0.273685  -0.357563  
BPS-CFR  0.00700568  0.0306269  0.327236  0  -0.021686  0.152226  -0.00664895  
TIPS-CFR  0.00737575  -0.23291  0.40548  0.021686  1.66533e-16  -0.250141  -0.111216  
CSPS-CFR  0.150156  0.138368  0.273685  -0.152226  0.250141  2.498e-16  -0.00929864  
CFPS-CFR  0.0766235  -0.0427357  0.357563  0.00664895  0.111216  0.00929864  2.22045e-16  
t = 38
CFR  -5.55112e-17  0.014763  0.292184  -0.0976372  0.0419246  -0.0325976  -0.122933  
CFR_IN  -0.014763  0  0.273505  -0.0914211  0.10873  -0.0267533  0.0811626  
A-CFR_IN  -0.292184  -0.273505  2.77556e-16  -0.32285  -0.388683  -0.260241  -0.332699  
BPS-CFR  0.0976372  0.0914211  0.32285  0  -0.0359731  0.137336  -0.109268  
TIPS-CFR  -0.0419246  -0.10873  0.388683  0.0359731  2.77556e-16  -0.0673161  -0.102774  
CSPS-CFR  0.0325976  0.0267533  0.260241  -0.137336  0.0673161  2.498e-16  -0.0399175  
CFPS-CFR  0.122933  -0.0811626  0.332699  0.109268  0.102774  0.0399175  2.77556e-16  
t = 39
CFR  0  -0.0211068  0.291639  -0.135153  0.119993  0.0253376  0.197032  
CFR_IN  0.0211068  0  0.274665  -0.114411  -0.166797  0.0289927  0.0742452  
A-CFR_IN  -0.291639  -0.274665  6.93889e-16  -0.32186  -0.39725  -0.301161  -0.347291  
BPS-CFR  0.135153  0.114411  0.32186  -5.55112e-17  -0.0316608  0.136127  -0.26166  
TIPS-CFR  -0.119993  0.166797  0.39725  0.0316608  2.32453e-16  -0.0303217  -0.181146  
CSPS-CFR  -0.0253376  -0.0289927  0.301161  -0.136127  0.0303217  1.80411e-16  -0.0789028  
CFPS-CFR  -0.197032  -0.0742452  0.347291  0.26166  0.181146  0.0789028  1.66533e-16  
t = 40
CFR  -5.55112e-17  -0.0155962  0.292019  0.295652  0.0309439  -0.162941  0.343647  
CFR_IN  0.0155962  5.55112e-17  0.276491  -0.146409  -0.23451  0.0987006  0.0823065  
A-CFR_IN  -0.292019  -0.276491  3.19189e-16  -0.327898  -0.406629  -0.357155  -0.347141  
BPS-CFR  -0.295652  0.146409  0.327898  0  -0.0461085  0.0983835  0.100304  
TIPS-CFR  -0.0309439  0.23451  0.406629  0.0461085  2.77556e-17  -0.0823696  -0.169353  
CSPS-CFR  0.162941  -0.0987006  0.357155  -0.0983835  0.0823696  1.94289e-16  -0.0810312  
CFPS-CFR  -0.343647  -0.0823065  0.347141  -0.100304  0.169353  0.0810312  9.19403e-17  
t = 41
CFR  0  0.0497245  0.292432  0.231636  -0.0510006  -0.0306323  0.245827  
CFR_IN  -0.0497245  5.89806e-17  0.276795  -0.147019  -0.220344  0.131106  0.0117684  
A-CFR_IN  -0.292432  -0.276795  8.88178e-16  -0.334278  -0.408394  -0.396999  -0.368162  
BPS-CFR  -0.231636  0.147019  0.334278  -2.77556e-17  0.103675  0.0873122  0.389588  
TIPS-CFR  0.0510006  0.220344  0.408394  -0.103675  2.22045e-16  -0.0340997  0.00533516  
CSPS-CFR  0.0306323  -0.131106  0.396999  -0.0873122  0.0340997  2.77556e-17  -0.0718152  
CFPS-CFR  -0.245827  -0.0117684  0.368162  -0.389588  -0.00533516  0.0718152  2.70617e-16  
t = 42
CFR  0  0.056036  0.29287  0.0707253  -0.074937  0.223438  0.0866761  
CFR_IN  -0.056036  1.66533e-16  0.269929  -0.108798  -0.0623906  0.0555197  -0.0556535  
A-CFR_IN  -0.29287  -0.269929  2.77556e-17  -0.343987  -0.411201  -0.372355  -0.355913  
BPS-CFR  -0.0707253  0.108798  0.343987  0  0.134165  0.0489557  0.31835  
TIPS-CFR  0.074937  0.0623906  0.411201  -0.134165  9.71445e-17  0.0599684  0.116119  
CSPS-CFR  -0.223438  -0.0555197  0.372355  -0.0489557  -0.0599684  6.93889e-17  0.0577059  
CFPS-CFR  -0.0866761  0.0556535  0.355913  -0.31835  -0.116119  -0.0577059  2.28333e-16  
t = 43
CFR  -1.56125e-17  0.0385788  0.296224  -0.0616911  -0.0941999  0.339776  -0.0881487  
CFR_IN  -0.0385788  2.22045e-16  0.224627  0.0504391  0.0239914  0.0361383  -0.0796454  
A-CFR_IN  -0.296224  -0.224627  7.07767e-16  -0.353839  -0.414339  -0.332725  -0.352357  
BPS-CFR  0.0616911  -0.0504391  0.353839  -2.77556e-17  0.142448  0.00973483  0.241741  
TIPS-CFR  0.0941999  -0.0239914  0.414339  -0.142448  3.60822e-16  0.0569609  0.19719  
CSPS-CFR  -0.339776  -0.0361383  0.332725  -0.00973483  -0.0569609  2.42861e-17  0.0639492  
CFPS-CFR  0.0881487  0.0796454  0.352357  -0.241741  -0.19719  -0.0639492  1.11022e-16  
t = 44
CFR  0  -0.018428  0.299254  -0.18822  -0.126724  0.305787  -0.195819  
CFR_IN  0.018428  1.38778e-16  0.20336  0.154788  0.0939782  0.0165139  -0.0274925  
A-CFR_IN  -0.299254  -0.20336  4.16334e-17  -0.360357  -0.417232  -0.321491  -0.358349  
BPS-CFR  0.18822  -0.154788  0.360357  -5.55112e-17  0.0987197  -0.0390048  0.0920178  
TIPS-CFR  0.126724  -0.0939782  0.417232  -0.0987197  3.60822e-16  0.0266917  0.304212  
CSPS-CFR  -0.305787  -0.0165139  0.321491  0.0390048  -0.0266917  1.11022e-16  0.0525552  
CFPS-CFR  0.195819  0.0274925  0.358349  -0.0920178  -0.304212  -0.0525552  3.19189e-16  
t = 45
CFR  2.77556e-17  -0.0206413  0.265051  -0.204249  -0.146098  0.162341  -0.187981  
CFR_IN  0.0206413  3.33067e-16  0.218598  0.13497  0.212905  0.0586016  0.0548835  
A-CFR_IN  -0.265051  -0.218598  4.996e-16  -0.361262  -0.419934  -0.326362  -0.349393  
BPS-CFR  0.204249  -0.13497  0.361262  -1.04083e-17  0.0678641  -0.0848818  0.0222956  
TIPS-CFR  0.146098  -0.212905  0.419934  -0.0678641  1.11022e-16  0.0323104  -0.0338947  
CSPS-CFR  -0.162341  -0.0586016  0.326362  0.0848818  -0.0323104  2.77556e-17  0.0405156  
CFPS-CFR  0.187981  -0.0548835  0.349393  -0.0222956  0.0338947  -0.0405156  2.35922e-16  
t = 46
CFR  0  -0.0191916  0.274568  -0.136642  -0.0806396  0.0375569  -0.233907  
CFR_IN  0.0191916  2.94903e-16  0.23965  0.0829136  0.190997  0.0454127  0.07885  
A-CFR_IN  -0.274568  -0.23965  5.96745e-16  -0.361035  -0.397877  -0.320708  -0.344396  
BPS-CFR  0.136642  -0.0829136  0.361035  -1.38778e-17  0.0276809  -0.123843  -0.0608069  
TIPS-CFR  0.0806396  -0.190997  0.397877  -0.0276809  1.11022e-16  0.0574902  -0.0129327  
CSPS-CFR  -0.0375569  -0.0454127  0.320708  0.123843  -0.0574902  -2.77556e-17  0.0142488  
CFPS-CFR  0.233907  -0.07885  0.344396  0.0608069  0.0129327  -0.0142488  5.55112e-17  
t = 47
CFR  0  -0.0310905  0.278234  -0.0548492  0.0990483  -0.008772  -0.201977  
CFR_IN  0.0310905  1.38778e-16  0.230968  0.0462168  0.10513  -0.0289944  -0.033291  
A-CFR_IN  -0.278234  -0.230968  3.60822e-16  -0.35984  -0.35935  -0.325076  -0.338934  
BPS-CFR  0.0548492  -0.0462168  0.35984  -1.38778e-17  0.00203353  -0.18062  -0.100742  
TIPS-CFR  -0.0990483  -0.10513  0.35935  -0.00203353  2.22045e-16  0.0291684  0.130257  
CSPS-CFR  0.0100185  0.0289944  0.325076  0.18062  -0.0291684  6.93889e-18  0.00461219  
CFPS-CFR  0.201977  0.033291  0.338934  0.100742  -0.130257  -0.00461219  1.38778e-16  
t = 48
CFR  0  0.00294576  0.279891  -0.0409022  -0.113078  -0.0850333  -0.0523449  
CFR_IN  -0.00294576  1.249e-16  0.274808  -0.00897876  0.016723  -0.128099  -0.0535152  
A-CFR_IN  -0.279891  -0.274808  1.66533e-16  -0.356882  -0.366504  -0.30129  -0.340273  
BPS-CFR  0.0409022  0.00897876  0.356882  8.32667e-17  0.0187262  -0.169983  -0.0987086  
TIPS-CFR  0.113078  -0.016723  0.366504  -0.0187262  1.11022e-16  0.0121231  0.0734025  
CSPS-CFR  0.0862906  0.128099  0.30129  0.169983  -0.0121231  -1.66533e-16  0.0119348  
CFPS-CFR  0.0523449  0.0535152  0.340273  0.0987086  -0.0734025  -0.0119348  2.498e-16  
t = 49
CFR  -4.16334e-17  0.0270774  0.280847  -0.00959423  -0.0949232  -0.119922  -0.0198533  
CFR_IN  -0.0270774  1.66533e-16  0.2969  -0.0470447  -0.0214962  -0.125429  0.0343397  
A-CFR_IN  -0.280847  -0.2969  4.57967e-16  -0.296874  -0.36966  -0.310825  -0.362545  
BPS-CFR  0.00959423  0.0470447  0.296874  -2.77556e-17  0.0232723  -0.126698  -0.0815178  
TIPS-CFR  0.0949232  0.0214962  0.36966  -0.0232723  2.22045e-16  0.00832334  -0.0402476  
CSPS-CFR  0.121152  0.125429  0.310825  0.126698  -0.00832334  0  -0.00567094  
CFPS-CFR  0.0198533  -0.0343397  0.362545  0.0815178  0.0402476  0.00567094  2.77556e-16  
t = 50
CFR  1.38778e-17  0.0384989  0.280885  -0.0184857  -0.0622363  0.0227172  0.00837204  
CFR_IN  -0.0384989  3.33067e-16  0.298328  -0.0872187  -0.0253628  -0.0308904  0.0372661  
A-CFR_IN  -0.280885  -0.298328  1.52656e-16  -0.268516  -0.371882  -0.341818  -0.39878  
BPS-CFR  0.0184857  0.0872187  0.268516  0  0.0170564  0.0154671  -0.0576566  
TIPS-CFR  0.0622363  0.0253628  0.371882  -0.0170564  -1.38778e-16  0.00344944  -0.33284  
CSPS-CFR  -0.0227172  0.0308904  0.341818  -0.0154671  -0.00344944  5.55112e-17  -0.00658615  
CFPS-CFR  -0.00837204  -0.0372661  0.39878  0.0576566  0.33284  0.00658615  1.66533e-16  
t = 51
CFR  5.55112e-17  0.0352453  0.278475  -0.0868446  -0.167777  -0.104804  0.0505758  
CFR_IN  -0.0352453  4.996e-16  0.304014  -0.129654  -0.0688438  -0.0369643  -0.000369926  
A-CFR_IN  -0.278475  -0.304014  8.04912e-16  -0.255326  -0.373867  -0.371034  -0.410624  
BPS-CFR  0.0868446  0.129654  0.255326  -2.77556e-17  0.0618718  0.0585549  -0.058129  
TIPS-CFR  0.167777  0.0688438  0.373867  -0.0618718  2.70617e-16  0.00808568  -0.346046  
CSPS-CFR  0.104804  0.0369643  0.371034  -0.0585549  -0.00808568  -5.55112e-17  0.00140192  
CFPS-CFR  -0.0505758  0.000369926  0.410624  0.058129  0.346046  -0.00140192  8.32667e-17  
t = 52
CFR  8.32667e-17  0.0213463  0.27315  -0.156121  -0.210757  -0.112986  0.036537  
CFR_IN  -0.0213463  2.498e-16  0.307501  -0.144735  -0.153251  0.0733759  -0.0245373  
A-CFR_IN  -0.27315  -0.307501  2.08167e-16  -0.272767  -0.375921  -0.378347  -0.411838  
BPS-CFR  0.156121  0.144735  0.272767  1.38778e-17  0.0658823  0.230969  -0.0597119  
TIPS-CFR  0.210757  0.153251  0.375921  -0.0658823  1.38778e-16  0.00910249  0.138723  
CSPS-CFR  0.112986  -0.0733759  0.378347  -0.230969  -0.00910249  0  0.221342  
CFPS-CFR  -0.036537  0.0245373  0.411838  0.0597119  -0.138723  -0.221342  2.498e-16  
t = 53
CFR  0  -0.0148442  0.262225  -0.143048  0.119007  -0.110554  -0.0532077  
CFR_IN  0.0148442  1.94289e-16  0.317141  -0.0408451  -0.0891113  0.047092  -0.0150238  
A-CFR_IN  -0.262225  -0.317141  4.71845e-16  -0.339381  -0.37807  -0.352222  -0.540942  
BPS-CFR  0.143048  0.0408451  0.339381  -2.77556e-17  0.0675306  -0.0558106  -0.0748212  
TIPS-CFR  -0.119007  0.0891113  0.37807  -0.0675306  2.28983e-16  -0.00387497  0.324808  
CSPS-CFR  0.110554  -0.047092  0.352222  0.0558106  0.00387497  5.55112e-17  0.154522  
CFPS-CFR  0.0532077  0.0150238  0.540942  0.0748212  -0.324808  -0.154522  2.498e-16  
t = 54
CFR  0  -0.0288239  0.127013  -0.13728  0.417152  -0.0469142  -0.151834  
CFR_IN  0.0288239  1.11022e-16  0.258552  -0.0125728  -0.166392  -0.147163  0.0329007  
A-CFR_IN  -0.127013  -0.258552  4.02456e-16  -0.287231  -0.326913  -0.388152  -0.361558  
BPS-CFR  0.13728  0.0125728  0.287231  -6.93889e-17  0.0674633  -0.300456  -0.080031  
TIPS-CFR  -0.417152  0.166392  0.326913  -0.0674633  -1.11022e-16  0.0350318  0.243233  
CSPS-CFR  0.0469142  0.147163  0.388152  0.300456  -0.0350318  0  -0.0206512  
CFPS-CFR  0.151834  -0.0329007  0.361558  0.080031  -0.243233  0.0206512  3.88578e-16  
t = 55
CFR  1.11022e-16  -0.0044841  0.168399  -0.150325  0.328487  -0.177974  -0.200366  
CFR_IN  0.0044841  2.22045e-16  0.204721  0.00503024  -0.171303  -0.260129  0.0567681  
A-CFR_IN  -0.168399  -0.204721  4.30211e-16  -0.300241  -0.232639  -0.403174  -0.218158  
BPS-CFR  0.150325  -0.00503024  0.300241  0  0.0550029  -0.180297  -0.0551066  
TIPS-CFR  -0.328487  0.171303  0.232639  -0.0550029  5.55112e-17  0.0788322  0.307886  
CSPS-CFR  0.177974  0.260129  0.403174  0.180297  -0.0788322  1.38778e-16  -0.13944  
CFPS-CFR  0.200366  -0.0567681  0.218158  0.0551066  -0.307886  0.13944  1.11022e-16  
t = 56
CFR  1.11022e-16  -0.00999775  0.187613  -0.126559  0.185204  -0.177043  -0.108443  
CFR_IN  0.00999775  2.77556e-16  0.204841  -0.0208798  -0.148645  -0.235028  0.0078513  
A-CFR_IN  -0.187613  -0.204841  1.01308e-15  -0.208824  -0.155359  -0.325843  -0.14997  
BPS-CFR  0.126559  0.0208798  0.208824  -4.33681e-17  0.0490962  -0.0990246  -0.046974  
TIPS-CFR  -0.185204  0.148645  0.155359  -0.0490962  4.16334e-17  0.0480356  0.199396  
CSPS-CFR  0.177043  0.235028  0.325843  0.0990246  -0.0480356  1.38778e-16  -0.197657  
CFPS-CFR  0.108443  -0.0078513  0.14997  0.046974  -0.199396  0.197657  7.21645e-16  
t = 57
CFR  -6.93889e-17  -0.0426189  0.191023  0.0471171  0.0788235  -0.16605  0.064944  
CFR_IN  0.0426189  1.38778e-16  0.191724  -0.0616935  -0.122054  -0.180611  -0.2084  
A-CFR_IN  -0.191023  -0.191724  3.19189e-16  -0.173164  -0.0997116  -0.238172  -0.0318449  
BPS-CFR  -0.0471171  0.0616935  0.173164  4.85723e-17  0.0348449  0.0421075  -0.0539334  
TIPS-CFR  -0.0788235  0.122054  0.0997116  -0.0348449  2.22045e-16  0.0255838  -0.0239085  
CSPS-CFR  0.16605  0.180611  0.238172  -0.0421075  -0.0255838  0  -0.0478655  
CFPS-CFR  -0.064944  0.2084  0.0318449  0.0539334  0.0239085  0.0478655  4.71845e-16  
t = 58
CFR  6.93889e-17  -0.0748559  0.190072  0.138709  -0.0342887  -0.0707515  0.0462239  
CFR_IN  0.0748559  3.88578e-16  0.208381  -0.105113  -0.0991015  -0.0369931  -0.231155  
A-CFR_IN  -0.190072  -0.208381  6.10623e-16  -0.576722  -0.124176  -0.113247  0.045053  
BPS-CFR  -0.138709  0.105113  0.576722  -2.08167e-17  0.016157  0.0620752  -0.06139  
TIPS-CFR  0.0342887  0.0991015  0.124176  -0.016157  1.11022e-16  0.0322104  -0.037858  
CSPS-CFR  0.0707515  0.0369931  0.113247  -0.0620752  -0.0322104  3.05311e-16  -0.00134498  
CFPS-CFR  -0.0462239  0.231155  -0.045053  0.06139  0.037858  0.00134498  7.28584e-17  
t = 59
CFR  0  -0.0393815  0.149976  0.0970345  -0.117391  -0.0535095  0.0444402  
CFR_IN  0.0393815  3.1225e-16  0.229008  -0.119417  -0.0611892  -0.0173832  -0.0655167  
A-CFR_IN  -0.149976  -0.229008  4.30211e-16  -0.225365  -0.169127  -0.219965  -0.0220552  
BPS-CFR  -0.0970345  0.119417  0.225365  1.38778e-17  -0.0029225  0.0441736  -0.0661467  
TIPS-CFR  0.117391  0.0611892  0.169127  0.0029225  4.44089e-16  0.010144  -0.107549  
CSPS-CFR  0.0535095  0.0173832  0.219965  -0.0441736  -0.010144  1.11022e-16  0.0159535  
CFPS-CFR  -0.0444402  0.0655167  0.0220552  0.0661467  0.107549  -0.0159535  2.63678e-16  
t = 60
CFR  -5.55112e-17  -0.0307885  0.0973924  0.0337178  -0.128382  -0.0606498  0.0353966  
CFR_IN  0.0307885  3.67761e-16  0.171725  -0.134756  0.00544867  -0.0328867  -0.0819008  
A-CFR_IN  -0.0973924  -0.171725  1.26288e-15  -0.00719071  -0.270681  -0.277633  -0.0615556  
BPS-CFR  -0.0337178  0.134756  0.00719071  -2.77556e-17  -0.0225556  -0.040825  -0.147179  
TIPS-CFR  0.128382  -0.00544867  0.270681  0.0225556  -1.38778e-16  -0.00600438  -0.153709  
CSPS-CFR  0.0606498  0.0328867  0.277633  0.040825  0.00600438  1.94289e-16  -0.000544838  
CFPS-CFR  -0.0353966  0.0819008  0.0615556  0.147179  0.153709  0.000544838  2.77556e-17  
t = 61
CFR  0  -0.0236344  0.147375  -0.0359195  -0.0656965  -0.0653982  0.106493  
CFR_IN  0.0236344  8.50015e-17  0.219931  -0.135437  0.0160424  -0.00025608  0.124554  
A-CFR_IN  -0.147375  -0.219931  2.22045e-16  -0.0483356  -0.3347  -0.236952  -0.17974  
BPS-CFR  0.0359195  0.135437  0.0483356  0  -0.0267575  -0.0857085  -0.138809  
TIPS-CFR  0.0656965  -0.0160424  0.3347  0.0267575  0  -0.0531177  -0.082991  
CSPS-CFR  0.0653982  0.00025608  0.236952  0.0857085  0.0531177  1.66533e-16  -0.0254685  
CFPS-CFR  -0.106493  -0.124554  0.17974  0.138809  0.082991  0.0254685  -2.77556e-17  
t = 62
CFR  -8.32667e-17  0.015787  0.0201013  -0.106288  -0.0424994  -0.0889442  0.181952  
CFR_IN  -0.015787  2.98372e-16  0.228852  -0.0568091  0.108084  -0.0399931  0.26481  
A-CFR_IN  -0.0201013  -0.228852  1.66533e-16  -0.115525  -0.267823  -0.221024  -0.283203  
BPS-CFR  0.106288  0.0568091  0.115525  2.77556e-17  -0.07358  -0.0539694  0.141342  
TIPS-CFR  0.0424994  -0.108084  0.267823  0.07358  1.66533e-16  -0.0861203  -0.0463061  
CSPS-CFR  0.0889442  0.0399931  0.221024  0.0539694  0.0861203  2.77556e-17  0.0964898  
CFPS-CFR  -0.181952  -0.26481  0.283203  -0.141342  0.0463061  -0.0964898  3.05311e-16  
t = 63
CFR  2.86229e-17  0.0541445  0.168024  -0.195125  0.00502909  -0.126026  0.125187  
CFR_IN  -0.0541445  1.80411e-16  0.217792  -0.120561  0.149017  -0.0522559  0.227337  
A-CFR_IN  -0.168024  -0.217792  1.04083e-15  -0.208438  -0.271668  -0.385962  -0.387982  
BPS-CFR  0.195125  0.120561  0.208438  0  -0.115033  0.00720655  0.233292  
TIPS-CFR  -0.00502909  -0.149017  0.271668  0.115033  5.55112e-17  -0.0921556  -0.00803482  
CSPS-CFR  0.126026  0.0522559  0.385962  -0.00720655  0.0921556  5.55112e-17  0.153311  
CFPS-CFR  -0.125187  -0.227337  0.387982  -0.233292  0.00803482  -0.153311  8.32667e-17  
t = 64
CFR  0  0.120837  0.187167  -0.156544  0.0527358  -0.104499  0.0476253  
CFR_IN  -0.120837  2.22045e-16  0.205666  -0.0923731  -0.190223  0.0318573  0.0818126  
A-CFR_IN  -0.187167  -0.205666  6.10623e-16  -0.320707  -0.280347  0.048013  -0.61025  
BPS-CFR  0.156544  0.0923731  0.320707  5.55112e-17  -0.152196  0.0743146  -0.0284369  
TIPS-CFR  -0.0527358  0.190223  0.280347  0.152196  1.11022e-16  0.0657098  0.0214492  
CSPS-CFR  0.104499  -0.0318573  -0.048013  -0.0743146  -0.0657098  1.38778e-16  0.180553  
