learner/env  CFR  CFR_EX+IN  CFR_IN  A-CFR_IN  BPS-CFR  TIPS-CFR  CSPS-CFR  CFPS-CFR  CFPS-CFR_EX+IN  TIPS-CFR_EX+IN  BEHAV-CFR  
t = 0
CFR  -6.93889e-18  -6.93889e-18  -6.93889e-18  -6.93889e-18  -6.93889e-18  -6.93889e-18  -6.93889e-18  -6.93889e-18  -6.93889e-18  -6.93889e-18  -6.93889e-18  
CFR_EX+IN  -6.93889e-18  -6.93889e-18  -6.93889e-18  -6.93889e-18  -6.93889e-18  -6.93889e-18  -6.93889e-18  -6.93889e-18  -6.93889e-18  -6.93889e-18  -6.93889e-18  
CFR_IN  -6.93889e-18  -6.93889e-18  -6.93889e-18  -6.93889e-18  -6.93889e-18  -6.93889e-18  -6.93889e-18  -6.93889e-18  -6.93889e-18  -6.93889e-18  -6.93889e-18  
A-CFR_IN  -6.93889e-18  -6.93889e-18  -6.93889e-18  -6.93889e-18  -6.93889e-18  -6.93889e-18  -6.93889e-18  -6.93889e-18  -6.93889e-18  -6.93889e-18  -6.93889e-18  
BPS-CFR  -6.93889e-18  -6.93889e-18  -6.93889e-18  -6.93889e-18  -6.93889e-18  -6.93889e-18  -6.93889e-18  -6.93889e-18  -6.93889e-18  -6.93889e-18  -6.93889e-18  
TIPS-CFR  -6.93889e-18  -6.93889e-18  -6.93889e-18  -6.93889e-18  -6.93889e-18  -6.93889e-18  -6.93889e-18  -6.93889e-18  -6.93889e-18  -6.93889e-18  -6.93889e-18  
CSPS-CFR  -6.93889e-18  -6.93889e-18  -6.93889e-18  -6.93889e-18  -6.93889e-18  -6.93889e-18  -6.93889e-18  -6.93889e-18  -6.93889e-18  -6.93889e-18  -6.93889e-18  
CFPS-CFR  -6.93889e-18  -6.93889e-18  -6.93889e-18  -6.93889e-18  -6.93889e-18  -6.93889e-18  -6.93889e-18  -6.93889e-18  -6.93889e-18  -6.93889e-18  -6.93889e-18  
CFPS-CFR_EX+IN  -6.93889e-18  -6.93889e-18  -6.93889e-18  -6.93889e-18  -6.93889e-18  -6.93889e-18  -6.93889e-18  -6.93889e-18  -6.93889e-18  -6.93889e-18  -6.93889e-18  
TIPS-CFR_EX+IN  -6.93889e-18  -6.93889e-18  -6.93889e-18  -6.93889e-18  -6.93889e-18  -6.93889e-18  -6.93889e-18  -6.93889e-18  -6.93889e-18  -6.93889e-18  -6.93889e-18  
BEHAV-CFR  -6.93889e-18  -6.93889e-18  -6.93889e-18  -6.93889e-18  -6.93889e-18  -6.93889e-18  -6.93889e-18  -6.93889e-18  -6.93889e-18  -6.93889e-18  -6.93889e-18  
t = 1
CFR  -1.38778e-17  -0.0155708  -0.370286  -0.370286  -1.38778e-17  -0.370286  -0.127994  -0.370286  -0.0155708  -0.0155708  -0.370286  
CFR_EX+IN  0.0155708  6.93889e-18  -0.371617  -0.371617  0.0155708  -0.371617  -0.121764  -0.371617  -1.38778e-17  -1.11022e-16  -0.371617  
CFR_IN  0.370286  0.371617  -9.86076e-32  4.09828e-17  0.370286  6.87384e-17  0.16427  -9.7795e-17  0.371617  0.371617  -1.53306e-16  
A-CFR_IN  0.370286  0.371617  -4.09828e-17  0  0.370286  2.77556e-17  0.16427  -1.38778e-16  0.371617  0.371617  -1.94289e-16  
BPS-CFR  -2.77556e-17  -0.0155708  -0.370286  -0.370286  -1.38778e-17  -0.370286  -0.127994  -0.370286  -0.0155708  -0.0155708  -0.370286  
TIPS-CFR  0.370286  0.371617  -6.87384e-17  -2.77556e-17  0.370286  0  0.16427  -1.66533e-16  0.371617  0.371617  -2.22045e-16  
CSPS-CFR  0.127994  0.121764  -0.16427  -0.16427  0.127994  -0.16427  -2.08167e-17  -0.16427  0.121764  0.121764  -0.16427  
CFPS-CFR  0.370286  0.371617  9.7795e-17  1.38778e-16  0.370286  1.66533e-16  0.16427  1.97215e-31  0.371617  0.371617  -5.55112e-17  
CFPS-CFR_EX+IN  0.0155708  2.08167e-17  -0.371617  -0.371617  0.0155708  -0.371617  -0.121764  -0.371617  -6.93889e-18  -1.31839e-16  -0.371617  
TIPS-CFR_EX+IN  0.0155708  1.45717e-16  -0.371617  -0.371617  0.0155708  -0.371617  -0.121764  -0.371617  1.11022e-16  -1.38778e-17  -0.371617  
BEHAV-CFR  0.370286  0.371617  1.53306e-16  1.94289e-16  0.370286  2.22045e-16  0.16427  5.55112e-17  0.371617  0.371617  -1.97215e-31  
t = 2
CFR  0  -9.86917e-17  -1.23068e-16  2.7594e-16  0  -4.32507e-16  -3.46056e-17  -1.83014e-16  -1.01666e-17  -2.47811e-17  -1.81234e-16  
CFR_EX+IN  9.86917e-17  0  -8.42845e-16  1.44833e-15  1.75216e-17  -8.36162e-17  -3.14795e-16  -5.55512e-16  -4.15116e-17  -1.14753e-17  -5.25751e-16  
CFR_IN  1.23068e-16  8.42845e-16  0  3.46027e-16  1.23068e-16  -1.63392e-16  -1.78149e-16  6.82657e-17  6.70145e-16  -9.8977e-17  -5.72182e-17  
A-CFR_IN  -2.7594e-16  -1.44833e-15  -3.46027e-16  0  -2.7594e-16  -5.0942e-16  -7.98067e-16  -2.77762e-16  -8.09349e-16  -1.474e-15  -4.03246e-16  
BPS-CFR  0  -1.75216e-17  -1.23068e-16  2.7594e-16  0  -4.32507e-16  -3.46056e-17  -1.83014e-16  -1.23688e-17  -8.02923e-17  -1.81234e-16  
TIPS-CFR  4.32507e-16  8.36162e-17  1.63392e-16  5.0942e-16  4.32507e-16  9.86076e-32  7.94889e-17  2.31658e-16  7.20695e-16  8.42742e-17  1.06174e-16  
CSPS-CFR  3.46056e-17  3.14795e-16  1.78149e-16  7.98067e-16  3.46056e-17  -7.94889e-17  1.2326e-31  1.70106e-16  3.96899e-16  2.50989e-16  -2.98896e-16  
CFPS-CFR  1.83014e-16  5.55512e-16  -6.82657e-17  2.77762e-16  1.83014e-16  -2.31658e-16  -1.70106e-16  1.2326e-32  2.41649e-17  6.10967e-16  -1.25484e-16  
CFPS-CFR_EX+IN  1.01666e-17  4.15116e-17  -6.70145e-16  8.09349e-16  1.23688e-17  -7.20695e-16  -3.96899e-16  -2.41649e-17  3.69779e-32  1.84371e-16  1.32439e-16  
TIPS-CFR_EX+IN  2.47811e-17  1.14753e-17  9.8977e-17  1.474e-15  8.02923e-17  -8.42742e-17  -2.50989e-16  -6.10967e-16  -1.84371e-16  9.86076e-32  -5.83202e-16  
BEHAV-CFR  1.81234e-16  5.25751e-16  5.72182e-17  4.03246e-16  1.81234e-16  -1.06174e-16  2.98896e-16  1.25484e-16  -1.32439e-16  5.83202e-16  0  
t = 3
CFR  -1.38778e-17  -0.0199626  0.400414  0.818415  -0.00441438  0.129031  -0.260316  0.395222  -0.0401407  -0.0709018  -0.228645  
CFR_EX+IN  0.0199626  1.38778e-17  -0.155559  0.592432  0.0157963  -0.0376877  -0.277527  0.193204  -0.0183636  -0.0364748  -0.255096  
CFR_IN  -0.400414  0.155559  0  1.66909e-15  -0.417972  -5.01986e-16  -0.102631  -5.57497e-16  0.0950798  0.0792887  7.58582e-16  
A-CFR_IN  -0.818415  -0.592432  -1.66909e-15  -3.9443e-31  -0.832806  -2.17108e-15  -0.933138  -2.22659e-15  -0.731339  -0.798913  -9.10513e-16  
BPS-CFR  0.00441438  -0.0157963  0.417972  0.832806  1.38778e-17  0.140665  -0.256974  0.412815  -0.0358438  -0.0669905  -0.225408  
TIPS-CFR  -0.129031  0.0376877  5.01986e-16  2.17108e-15  -0.140665  0  -0.438784  -5.55112e-17  -0.105533  -0.0999088  1.26057e-15  
CSPS-CFR  0.260316  0.277527  0.102631  0.933138  0.256974  0.438784  6.93889e-18  0.853341  0.262501  0.24751  -0.0253144  
CFPS-CFR  -0.395222  -0.193204  5.57497e-16  2.22659e-15  -0.412815  5.55112e-17  -0.853341  -1.97215e-31  -0.333471  -0.410307  1.31608e-15  
CFPS-CFR_EX+IN  0.0401407  0.0183636  -0.0950798  0.731339  0.0358438  0.105533  -0.262501  0.333471  5.55112e-17  -0.019788  -0.242429  
TIPS-CFR_EX+IN  0.0709018  0.0364748  -0.0792887  0.798913  0.0669905  0.0999088  -0.24751  0.410307  0.019788  4.16334e-17  -0.208741  
BEHAV-CFR  0.228645  0.255096  -7.58582e-16  9.10513e-16  0.225408  -1.26057e-15  0.0253144  -1.31608e-15  0.242429  0.208741  0  
t = 4
CFR  3.46945e-18  0.220304  -0.197042  -0.573226  -0.037499  -0.486048  -0.670422  -0.197982  0.143848  0.125771  0.143105  
CFR_EX+IN  -0.220304  -1.38778e-17  -0.0833155  -0.978429  -0.250981  -0.563897  -0.732187  -0.205411  -0.101839  -0.175456  0.937278  
CFR_IN  0.197042  0.0833155  1.73472e-18  0.999638  0.196393  -0.000119394  7.83681e-17  0.000108064  0.0823883  -1.20831e-16  0.00461822  
A-CFR_IN  0.573226  0.978429  -0.999638  1.97215e-31  0.670658  -0.996235  0.894175  -0.996269  0.855778  0.744619  -0.886176  
BPS-CFR  0.037499  0.250981  -0.196393  -0.670658  0  -0.475724  -0.670422  -0.197295  0.174878  0.155422  0.146058  
TIPS-CFR  0.486048  0.563897  0.000119394  0.996235  0.475724  1.73472e-18  0.0952479  0.000226695  0.551968  0.542554  0.00470893  
CSPS-CFR  0.670422  0.732187  -7.83681e-17  -0.894175  0.670422  -0.0952479  -2.46519e-32  -0.187609  0.734353  0.738253  3.92236e-16  
CFPS-CFR  0.197982  0.205411  -0.000108064  0.996269  0.197295  -0.000226695  0.187609  3.46945e-18  0.20002  0.196644  0.0045066  
CFPS-CFR_EX+IN  -0.143848  0.101839  -0.0823883  -0.855778  -0.174878  -0.551968  -0.734353  -0.20002  -2.77556e-17  -0.0900024  0.936608  
TIPS-CFR_EX+IN  -0.125771  0.175456  1.20831e-16  -0.744619  -0.155422  -0.542554  -0.738253  -0.196644  0.0900024  0  0.938703  
BEHAV-CFR  -0.143105  -0.937278  -0.00461822  0.886176  -0.146058  -0.00470893  -3.92236e-16  -0.0045066  -0.936608  -0.938703  1.73472e-18  
t = 5
CFR  -1.0842e-19  -0.136507  -0.674057  0.0868023  -0.018418  -0.0054081  0.21362  -0.663478  -0.1432  -0.182067  -0.212674  
CFR_EX+IN  0.136507  0  0.118061  0.992071  0.0988555  0.234496  0.212413  -0.561935  0.0465671  0.00292846  -0.786879  
CFR_IN  0.674057  -0.118061  0  -0.843121  0.661141  8.55263e-16  0.250364  9.96104e-17  -0.176725  0.122043  3.33483e-16  
A-CFR_IN  -0.0868023  -0.992071  0.843121  0  -0.150153  0.875456  -0.929827  0.871876  -0.666058  -0.281461  0.85892  
BPS-CFR  0.018418  -0.0988555  -0.661141  0.150153  0  -0.00486132  0.216816  -0.650778  -0.110816  -0.163127  -0.2012  
TIPS-CFR  0.0054081  -0.234496  -8.55263e-16  -0.875456  0.00486132  -2.46519e-32  0.182022  -1.10874e-15  -0.0307094  -0.01226  -2.07347e-17  
CSPS-CFR  -0.21362  -0.212413  -0.250364  0.929827  -0.216816  -0.182022  0  -0.637972  -0.302842  -0.140302  -0.0870183  
CFPS-CFR  0.663478  0.561935  -9.96104e-17  -0.871876  0.650778  1.10874e-15  0.637972  0  0.486781  0.530628  -1.06201e-16  
CFPS-CFR_EX+IN  0.1432  -0.0465671  0.176725  0.666058  0.110816  0.0307094  0.302842  -0.486781  0  0.098322  -0.718507  
TIPS-CFR_EX+IN  0.182067  -0.00292846  -0.122043  0.281461  0.163127  0.01226  0.140302  -0.530628  -0.098322  -4.16334e-17  -0.675356  
BEHAV-CFR  0.212674  0.786879  -3.33483e-16  -0.85892  0.2012  2.07347e-17  0.0870183  1.06201e-16  0.718507  0.675356  0  
t = 6
CFR  0  0.230024  0.463588  -0.0912422  -0.0404855  -0.141163  -0.0051371  0.389369  0.104981  0.0194142  0.129748  
CFR_EX+IN  -0.230024  -3.46945e-17  -0.125191  -0.371817  -0.277999  -0.419051  -0.240919  0.376558  -0.0634663  -0.00672701  0.184264  
CFR_IN  -0.463588  0.125191  -8.67362e-18  0.508767  -0.49478  -0.00228293  -0.177975  -0.00235716  -0.174868  -0.0773033  -0.0604844  
A-CFR_IN  0.0912422  0.371817  -0.508767  0  0.219648  -0.435037  0.226542  -0.499849  0.458125  0.468546  -0.481699  
BPS-CFR  0.0404855  0.277999  0.49478  -0.219648  0  -0.0429683  0.0883696  0.423651  0.16858  0.0997829  0.0893019  
TIPS-CFR  0.141163  0.419051  0.00228293  0.435037  0.0429683  1.21431e-17  -0.266419  -0.000344444  -0.0645145  -0.046617  -0.0305331  
CSPS-CFR  0.0051371  0.240919  0.177975  -0.226542  -0.0883696  0.266419  0  0.165781  0.305842  0.118358  -0.255136  
CFPS-CFR  -0.389369  -0.376558  0.00235716  0.499849  -0.423651  0.000344444  -0.165781  1.21431e-17  -0.0510131  -0.0510661  -0.0560419  
CFPS-CFR_EX+IN  -0.104981  0.0634663  0.174868  -0.458125  -0.16858  0.0645145  -0.305842  0.0510131  2.77556e-17  -0.0697927  0.154135  
TIPS-CFR_EX+IN  -0.0194142  0.00672701  0.0773033  -0.468546  -0.0997829  0.046617  -0.118358  0.0510661  0.0697927  2.77556e-17  0.280242  
BEHAV-CFR  -0.129748  -0.184264  0.0604844  0.481699  -0.0893019  0.0305331  0.255136  0.0560419  -0.154135  -0.280242  0  
t = 7
CFR  6.93889e-18  0.134064  0.286845  -0.00549112  -0.0562491  0.057109  -0.0086784  -0.210731  0.021955  -0.01196  -0.370891  
CFR_EX+IN  -0.134064  -1.04083e-17  -0.292812  -0.0215766  -0.179519  0.130329  -0.104437  -0.223946  -0.0657984  -0.197146  -0.0728231  
CFR_IN  -0.286845  0.292812  -2.77556e-17  -0.796635  0.110215  0.104965  0.332425  0.0349475  0.000371774  -0.479656  0.0380913  
A-CFR_IN  0.00549112  0.0215766  0.796635  0  -0.231753  0.539984  7.57076e-16  0.610695  0.0319745  0.0647237  0.489279  
BPS-CFR  0.0562491  0.179519  -0.110215  0.231753  0  -0.00405528  -0.0821061  -0.210809  0.0758653  0.0480647  -0.306185  
TIPS-CFR  -0.057109  -0.130329  -0.104965  -0.539984  0.00405528  -2.05998e-18  0.0190146  0.0027357  0.432807  0.3039  0.0187325  
CSPS-CFR  0.0086784  0.104437  -0.332425  -7.57076e-16  0.0821061  -0.0190146  0  0.0432826  -0.0230572  -0.0376311  -0.13516  
CFPS-CFR  0.210731  0.223946  -0.0349475  -0.610695  0.210809  -0.0027357  -0.0432826  0  -0.200762  -0.154859  -0.0188824  
CFPS-CFR_EX+IN  -0.021955  0.0657984  -0.000371774  -0.0319745  -0.0758653  -0.432807  0.0230572  0.200762  -2.08167e-17  -0.020115  -0.135261  
TIPS-CFR_EX+IN  0.01196  0.197146  0.479656  -0.0647237  -0.0480647  -0.3039  0.0376311  0.154859  0.020115  -1.38778e-17  -0.034109  
BEHAV-CFR  0.370891  0.0728231  -0.0380913  -0.489279  0.306185  -0.0187325  0.13516  0.0188824  0.135261  0.034109  -3.46945e-17  
t = 8
CFR  6.93889e-18  0.172745  -0.101854  0.162674  -0.0874535  -0.136254  -0.327391  -0.200546  -0.119611  -0.0130999  -0.0395393  
CFR_EX+IN  -0.172745  0  0.0353091  0.0950112  -0.289543  -0.194442  -0.30806  -0.0322821  -0.196061  -0.103651  -0.127698  
CFR_IN  0.101854  -0.0353091  -5.55112e-17  0.465994  -0.123002  -0.173121  -0.400591  -0.0936565  -0.208084  -0.00980462  -0.252549  
A-CFR_IN  -0.162674  -0.0950112  -0.465994  0  0.442972  0.0589949  -0.130148  0.124413  -0.0341037  0.000747012  -0.0299554  
BPS-CFR  0.0874535  0.289543  0.123002  -0.442972  3.46945e-18  0.0554192  -0.196505  -0.117638  -0.00973219  0.0443626  0.0881737  
TIPS-CFR  0.136254  0.194442  0.173121  -0.0589949  -0.0554192  0  -0.0110245  0.0650211  -0.378579  -0.266999  -0.0641247  
CSPS-CFR  0.327391  0.30806  0.400591  0.130148  0.196505  0.0110245  2.08167e-17  -0.438189  0.224804  0.246619  -0.222733  
CFPS-CFR  0.200546  0.0322821  0.0936565  -0.124413  0.117638  -0.0650211  0.438189  0  0.402161  0.331121  -0.262543  
CFPS-CFR_EX+IN  0.119611  0.196061  0.208084  0.0341037  0.00973219  0.378579  -0.224804  -0.402161  6.93889e-18  -0.0550752  -0.161302  
TIPS-CFR_EX+IN  0.0130999  0.103651  0.00980462  -0.000747012  -0.0443626  0.266999  -0.246619  -0.331121  0.0550752  0  -0.119237  
BEHAV-CFR  0.0395393  0.127698  0.252549  0.0299554  -0.0881737  0.0641247  0.222733  0.262543  0.161302  0.119237  0  
t = 9
CFR  -1.38778e-17  0.0733973  -0.288221  -0.134394  -0.0872368  -0.0163893  -0.190393  -0.23839  0.0025503  -0.0244987  -0.277533  
CFR_EX+IN  -0.0733973  -3.46945e-18  0.21201  0.220223  -0.100223  0.0216226  0.115097  -0.455128  -0.101791  -0.0825357  -0.313393  
CFR_IN  0.288221  -0.21201  -2.77556e-17  -0.70134  0.479395  -0.279617  -0.0650673  -0.0606139  -0.0342741  -0.190384  -0.315061  
A-CFR_IN  0.134394  -0.220223  0.70134  0  -0.0525051  0.124367  -0.271137  -0.221168  -0.250242  -0.31356  0.0302503  
BPS-CFR  0.0872368  0.100223  -0.479395  0.0525051  0  -0.0918722  -0.0460652  -0.299634  0.0304738  0.0475985  -0.171856  
TIPS-CFR  0.0163893  -0.0216226  0.279617  -0.124367  0.0918722  0  0.326901  0.103489  0.435743  0.336136  -0.0981127  
CSPS-CFR  0.190393  -0.115097  0.0650673  0.271137  0.0460652  -0.326901  -2.77556e-17  0.103139  -0.116262  -0.323314  -0.0763075  
CFPS-CFR  0.23839  0.455128  0.0606139  0.221168  0.299634  -0.103489  -0.103139  0  -0.197806  0.0970934  -0.101244  
CFPS-CFR_EX+IN  -0.0025503  0.101791  0.0342741  0.250242  -0.0304738  -0.435743  0.116262  0.197806  -1.38778e-17  0.042865  -0.267036  
TIPS-CFR_EX+IN  0.0244987  0.0825357  0.190384  0.31356  -0.0475985  -0.336136  0.323314  -0.0970934  -0.042865  1.38778e-17  -0.204532  
BEHAV-CFR  0.277533  0.313393  0.315061  -0.0302503  0.171856  0.0981127  0.0763075  0.101244  0.267036  0.204532  3.46945e-18  
t = 10
CFR  0  -0.278674  -0.0790992  -0.00493796  0.0925675  -0.28914  0.372156  0.116724  -0.234453  -0.195649  0.155196  
CFR_EX+IN  0.278674  0  0.204056  0.301886  0.306511  -0.450812  0.244429  -0.201924  0.0224755  -0.0446608  -0.320849  
CFR_IN  0.0790992  -0.204056  5.55112e-17  0.251186  -0.0126104  -0.144811  -0.138219  -0.0718738  -0.297842  -0.168889  -0.192986  
A-CFR_IN  0.00493796  -0.301886  -0.251186  0  -0.164245  -0.216439  -0.342475  -0.274725  0.102355  0.0187847  0.182003  
BPS-CFR  -0.0925675  -0.306511  0.0126104  0.164245  0  -0.36834  0.0300462  0.250562  -0.206084  -0.145805  0.00511927  
TIPS-CFR  0.28914  0.450812  0.144811  0.216439  0.36834  -8.67362e-18  0.16388  0.0379984  0.0204276  0.17125  -0.0642725  
CSPS-CFR  -0.372156  -0.244429  0.138219  0.342475  -0.0300462  -0.16388  -1.38778e-17  -0.444175  -0.1848  -0.33372  -0.0615369  
CFPS-CFR  -0.116724  0.201924  0.0718738  0.274725  -0.250562  -0.0379984  0.444175  -6.93889e-18  0.414555  0.128416  -0.159696  
CFPS-CFR_EX+IN  0.234453  -0.0224755  0.297842  -0.102355  0.206084  -0.0204276  0.1848  -0.414555  -2.77556e-17  -0.00369752  -0.215838  
TIPS-CFR_EX+IN  0.195649  0.0446608  0.168889  -0.0187847  0.145805  -0.17125  0.33372  -0.128416  0.00369752  -2.77556e-17  -0.0260774  
BEHAV-CFR  -0.155196  0.320849  0.192986  -0.182003  -0.00511927  0.0642725  0.0615369  0.159696  0.215838  0.0260774  -1.38778e-17  
t = 11
CFR  1.38778e-17  0.12887  -0.0982431  -0.127769  -0.0356645  -0.198823  -0.0866087  -0.182482  0.109947  0.0604133  -0.423411  
CFR_EX+IN  -0.12887  -8.67362e-18  -0.262429  -0.600399  0.177122  0.001245  0.192418  -0.310116  -0.0284396  -0.0871688  -0.478824  
CFR_IN  0.0982431  0.262429  0  -0.495433  0.127611  -0.0605322  -0.307027  -0.0860792  0.123344  0.0117261  -0.240896  
A-CFR_IN  0.127769  0.600399  0.495433  0  0.285428  0.12786  -0.35792  0.51323  -0.143837  -0.210871  0.11745  
BPS-CFR  0.0356645  -0.177122  -0.127611  -0.285428  3.46945e-18  -0.11679  0.320736  -0.090597  0.0132952  -0.0434537  -0.161126  
TIPS-CFR  0.198823  -0.001245  0.0605322  -0.12786  0.11679  0  0.164305  0.057808  0.110028  0.0273589  -0.0121816  
CSPS-CFR  0.0866087  -0.192418  0.307027  0.35792  -0.320736  -0.164305  -1.9082e-17  -0.0422254  -0.0174414  -0.000285009  -0.146759  
CFPS-CFR  0.182482  0.310116  0.0860792  -0.51323  0.090597  -0.057808  0.0422254  0  0.261317  0.043159  -0.170604  
CFPS-CFR_EX+IN  -0.109947  0.0284396  -0.123344  0.143837  -0.0132952  -0.110028  0.0174414  -0.261317  0  -0.122255  0.06607  
TIPS-CFR_EX+IN  -0.0604133  0.0871688  -0.0117261  0.210871  0.0434537  -0.0273589  0.000285009  -0.043159  0.122255  0  -0.00279221  
BEHAV-CFR  0.423411  0.478824  0.240896  -0.11745  0.161126  0.0121816  0.146759  0.170604  -0.06607  0.00279221  1.38778e-17  
t = 12
CFR  -1.38778e-17  -0.207013  -0.10066  0.119763  -0.145054  -0.259766  0.220088  -0.0856108  0.0387394  -0.12166  -0.115445  
CFR_EX+IN  0.207013  -6.50521e-19  -0.0972481  0.180984  -0.0458451  -0.140235  0.167044  -0.213623  -0.121681  -0.164847  -0.163023  
CFR_IN  0.10066  0.0972481  1.38778e-17  -0.00330259  0.0404064  -0.0577869  -0.141307  -0.0737561  -0.0693178  -0.171217  -0.146909  
A-CFR_IN  -0.119763  -0.180984  0.00330259  0  -0.0186937  0.143472  0.496447  -0.139767  0.180522  0.207008  -0.245694  
BPS-CFR  0.145054  0.0458451  -0.0404064  0.0186937  0  0.020445  -0.173582  -0.132905  0.233043  -0.111499  -0.129924  
TIPS-CFR  0.259766  0.140235  0.0577869  -0.143472  -0.020445  3.46945e-18  -0.0454475  -0.00749551  0.300452  -0.055237  -0.0915722  
CSPS-CFR  -0.220088  -0.167044  0.141307  -0.496447  0.173582  0.0454475  0  -0.124047  -0.124471  -0.00536772  0.137672  
CFPS-CFR  0.0856108  0.213623  0.0737561  0.139767  0.132905  0.00749551  0.124047  0  0.166003  0.010271  -0.102529  
CFPS-CFR_EX+IN  -0.0387394  0.121681  0.0693178  -0.180522  -0.233043  -0.300452  0.124471  -0.166003  -2.77556e-17  -0.127366  0.228966  
TIPS-CFR_EX+IN  0.12166  0.164847  0.171217  -0.207008  0.111499  0.055237  0.00536772  -0.010271  0.127366  -2.08167e-17  -0.159678  
BEHAV-CFR  0.115445  0.163023  0.146909  0.245694  0.129924  0.0915722  -0.137672  0.102529  -0.228966  0.159678  -6.93889e-18  
t = 13
CFR  0  0.137141  -0.0958713  0.0768949  -0.0387762  -0.14954  -0.0827507  -0.106177  -0.00129271  -0.17442  0.0082928  
CFR_EX+IN  -0.137141  5.55112e-17  0.335874  0.209113  -0.19531  -0.00867504  -0.199093  -0.0997279  -0.0987726  -0.117595  -0.087979  
CFR_IN  0.0958713  -0.335874  1.38778e-17  -0.392905  -0.150032  -0.158472  0.0934641  -0.370908  -0.0702065  -0.246637  -0.0159486  
A-CFR_IN  -0.0768949  -0.209113  0.392905  0  -0.433643  -0.0515815  -0.0629928  0.175274  -0.151015  -0.120227  -0.470919  
BPS-CFR  0.0387762  0.19531  0.150032  0.433643  -2.77556e-17  -0.00852681  -0.029911  -0.0205728  -0.0319493  -0.173012  -0.0819813  
TIPS-CFR  0.14954  0.00867504  0.158472  0.0515815  0.00852681  -3.46945e-17  -0.0423561  0.159444  0.166983  0.0860364  -0.0796904  
CSPS-CFR  0.0827507  0.199093  -0.0934641  0.0629928  0.029911  0.0423561  -2.08167e-17  0.0193148  0.0247179  0.060207  -0.163747  
CFPS-CFR  0.106177  0.0997279  0.370908  -0.175274  0.0205728  -0.159444  -0.0193148  1.38778e-17  0.0904839  0.0408435  -0.184609  
CFPS-CFR_EX+IN  0.00129271  0.0987726  0.0702065  0.151015  0.0319493  -0.166983  -0.0247179  -0.0904839  0  0.0967106  -0.135056  
TIPS-CFR_EX+IN  0.17442  0.117595  0.246637  0.120227  0.173012  -0.0860364  -0.060207  -0.0408435  -0.0967106  2.77556e-17  0.0652302  
BEHAV-CFR  -0.0082928  0.087979  0.0159486  0.470919  0.0819813  0.0796904  0.163747  0.184609  0.135056  -0.0652302  2.77556e-17  
t = 14
CFR  -1.38778e-17  0.112392  0.147974  0.239181  0.110744  0.0624644  -0.358112  -0.06205  0.071227  0.0829927  -0.0909335  
CFR_EX+IN  -0.112392  -6.93889e-18  0.0123261  -0.0818281  0.0800103  -0.0210362  -0.176057  0.0282314  0.00728182  0.0919713  -0.0864197  
CFR_IN  -0.147974  -0.0123261  0  -0.0482885  -0.126658  -0.166854  0.131872  -0.15432  -0.117912  -0.170605  -0.124271  
A-CFR_IN  -0.239181  0.0818281  0.0482885  0  -0.364722  -0.304725  0.0623956  -0.00515108  -0.212342  -0.339742  -0.632401  
BPS-CFR  -0.110744  -0.0800103  0.126658  0.364722  -1.38778e-17  -0.0553778  -0.219383  -0.159127  -0.268996  0.0319419  -0.0680237  
TIPS-CFR  -0.0624644  0.0210362  0.166854  0.304725  0.0553778  2.77556e-17  0.00765743  -0.0872156  0.0713346  0.170594  -0.12163  
CSPS-CFR  0.358112  0.176057  -0.131872  -0.0623956  0.219383  -0.00765743  -1.38778e-17  -0.154476  0.161673  0.0546963  -0.144627  
CFPS-CFR  0.06205  -0.0282314  0.15432  0.00515108  0.159127  0.0872156  0.154476  2.77556e-17  -0.195732  -0.346976  0.0173559  
CFPS-CFR_EX+IN  -0.071227  -0.00728182  0.117912  0.212342  0.268996  -0.0713346  -0.161673  0.195732  0  0.0908849  -0.0607254  
TIPS-CFR_EX+IN  -0.0829927  -0.0919713  0.170605  0.339742  -0.0319419  -0.170594  -0.0546963  0.346976  -0.0908849  1.38778e-17  -0.0904297  
BEHAV-CFR  0.0909335  0.0864197  0.124271  0.632401  0.0680237  0.12163  0.144627  -0.0173559  0.0607254  0.0904297  -6.93889e-18  
t = 15
CFR  6.93889e-18  -0.10851  -0.0378653  -0.00674769  -0.0278866  0.0805941  -0.274343  0.066839  -0.0831065  0.148042  -0.308906  
CFR_EX+IN  0.10851  0  -0.0243543  0.238866  0.110552  -0.11973  0.0136563  0.146949  -0.160407  -0.140273  -0.0660083  
CFR_IN  0.0378653  0.0243543  -5.55112e-17  -0.0823424  -0.0242221  0.0506604  0.074998  -0.133203  -0.0411823  0.175807  -0.00683337  
A-CFR_IN  0.00674769  -0.238866  0.0823424  0  -0.58344  0.0689193  0.486679  0.0714552  -0.0903622  -0.27488  -0.565865  
BPS-CFR  0.0278866  -0.110552  0.0242221  0.58344  6.93889e-18  -0.0453798  -0.533071  0.209707  0.107909  0.12894  0.196974  
TIPS-CFR  -0.0805941  0.11973  -0.0506604  -0.0689193  0.0453798  5.55112e-17  -0.043783  -0.229328  0.0447477  0.132057  -0.211852  
CSPS-CFR  0.274343  -0.0136563  -0.074998  -0.486679  0.533071  0.043783  -6.93889e-18  0.124234  0.269109  0.291553  -0.237039  
CFPS-CFR  -0.066839  -0.146949  0.133203  -0.0714552  -0.209707  0.229328  -0.124234  0  -0.00406376  0.0463131  -0.119057  
CFPS-CFR_EX+IN  0.0831065  0.160407  0.0411823  0.0903622  -0.107909  -0.0447477  -0.269109  0.00406376  0  0.0462367  -0.124397  
TIPS-CFR_EX+IN  -0.148042  0.140273  -0.175807  0.27488  -0.12894  -0.132057  -0.291553  -0.0463131  -0.0462367  0  -0.152185  
BEHAV-CFR  0.308906  0.0660083  0.00683337  0.565865  -0.196974  0.211852  0.237039  0.119057  0.124397  0.152185  0  
t = 16
CFR  1.73472e-17  -0.0932422  -0.0650716  -0.491371  -0.146501  0.0600077  -0.22528  0.084358  0.106595  -0.00426062  -0.379263  
CFR_EX+IN  0.0932422  5.55112e-17  0.101671  -0.120808  -0.368153  -0.0307821  -0.133324  -0.0435909  0.0617538  -0.188782  -0.271942  
CFR_IN  0.0650716  -0.101671  0  -0.0579996  -0.273785  -0.0423282  -0.0344872  0.00264746  0.0305494  0.299027  -0.177277  
A-CFR_IN  0.491371  0.120808  0.0579996  0  -0.229048  -0.386993  0.17646  0.00171417  -0.19759  0.155738  -0.0678754  
BPS-CFR  0.146501  0.368153  0.273785  0.229048  -6.93889e-18  0.112242  -0.425463  0.0782196  -0.102678  -0.00446568  -0.243754  
TIPS-CFR  -0.0600077  0.0307821  0.0423282  0.386993  -0.112242  -1.73472e-17  0.196619  -0.201046  -0.0598543  0.241611  -0.0873228  
CSPS-CFR  0.22528  0.133324  0.0344872  -0.17646  0.425463  -0.196619  0  -0.0103633  0.118138  0.346936  -0.156522  
CFPS-CFR  -0.084358  0.0435909  -0.00264746  -0.00171417  -0.0782196  0.201046  0.0103633  5.55112e-17  -0.151089  -0.0228397  -0.0216414  
CFPS-CFR_EX+IN  -0.106595  -0.0617538  -0.0305494  0.19759  0.102678  0.0598543  -0.118138  0.151089  5.55112e-17  0.101238  -0.0617546  
TIPS-CFR_EX+IN  0.00426062  0.188782  -0.299027  -0.155738  0.00446568  -0.241611  -0.346936  0.0228397  -0.101238  -1.38778e-17  -0.0834329  
BEHAV-CFR  0.379263  0.271942  0.177277  0.0678754  0.243754  0.0873228  0.156522  0.0216414  0.0617546  0.0834329  0  
t = 17
CFR  0  0.0581264  0.358148  -0.266013  -0.0667624  -0.182529  -0.387876  -0.0488282  -0.117225  -0.164213  -0.0943344  
CFR_EX+IN  -0.0581264  -1.38778e-17  0.00755963  -0.199758  -0.324355  -0.0817754  0.0149985  0.408598  -0.0693886  -0.0745533  -0.202198  
CFR_IN  -0.358148  -0.00755963  0  -0.0523226  -0.193961  0.0517883  -0.0187687  0.0438422  0.137022  0.0380073  -0.172851  
A-CFR_IN  0.266013  0.199758  0.0523226  0  0.168716  0.159599  0.00956493  -0.00486597  -0.180989  -0.243391  1.11599e-17  
BPS-CFR  0.0667624  0.324355  0.193961  -0.168716  1.38778e-17  -0.0624589  -0.000295942  -0.211491  -0.215445  0.0358537  -0.339097  
TIPS-CFR  0.182529  0.0817754  -0.0517883  -0.159599  0.0624589  -1.38778e-17  0.195365  0.0518343  0.145408  0.296006  -0.212662  
CSPS-CFR  0.387876  -0.0149985  0.0187687  -0.00956493  0.000295942  -0.195365  -6.93889e-18  -0.332391  -0.0785971  -0.0680215  -0.320908  
CFPS-CFR  0.0488282  -0.408598  -0.0438422  0.00486597  0.211491  -0.0518343  0.332391  5.55112e-17  -0.149514  0.116633  0.101739  
CFPS-CFR_EX+IN  0.117225  0.0693886  -0.137022  0.180989  0.215445  -0.145408  0.0785971  0.149514  5.55112e-17  0.0642125  0.0257821  
TIPS-CFR_EX+IN  0.164213  0.0745533  -0.0380073  0.243391  -0.0358537  -0.296006  0.0680215  -0.116633  -0.0642125  1.38778e-17  0.0299987  
BEHAV-CFR  0.0943344  0.202198  0.172851  -1.11599e-17  0.339097  0.212662  0.320908  -0.101739  -0.0257821  -0.0299987  6.93889e-18  
t = 18
CFR  2.77556e-17  0.468825  0.208292  -0.0102038  0.0257042  -0.0581622  -0.125663  -0.182077  -0.143203  -0.177334  -0.150766  
CFR_EX+IN  -0.468825  -2.77556e-17  -0.108637  -0.229195  0.00200241  -0.0454237  -0.331124  0.0836235  -0.134834  0.013606  -0.125253  
CFR_IN  -0.208292  0.108637  0  -0.102106  0.037636  0.0676944  0.194956  0.00655269  0.0172386  0.1997  -0.162375  
A-CFR_IN  0.0102038  0.229195  0.102106  0  -0.0570058  0.274102  -0.170603  -0.115335  -0.303255  -0.255017  -1.49843e-16  
BPS-CFR  -0.0257042  -0.00200241  -0.037636  0.0570058  6.93889e-18  -0.194859  -0.174585  -0.0974649  -0.00212347  -0.0577585  -0.045348  
TIPS-CFR  0.0581622  0.0454237  -0.0676944  -0.274102  0.194859  1.38778e-17  0.196087  0.209343  0.141416  0.160001  0.0055814  
CSPS-CFR  0.125663  0.331124  -0.194956  0.170603  0.174585  -0.196087  0  0.020908  0.171081  0.135096  -0.0709313  
CFPS-CFR  0.182077  -0.0836235  -0.00655269  0.115335  0.0974649  -0.209343  -0.020908  0  -0.0246418  0.319176  -0.0504564  
CFPS-CFR_EX+IN  0.143203  0.134834  -0.0172386  0.303255  0.00212347  -0.141416  -0.171081  0.0246418  1.04083e-17  -0.125069  -0.0502705  
TIPS-CFR_EX+IN  0.177334  -0.013606  -0.1997  0.255017  0.0577585  -0.160001  -0.135096  -0.319176  0.125069  0  -0.0945742  
BEHAV-CFR  0.150766  0.125253  0.162375  1.49843e-16  0.045348  -0.0055814  0.0709313  0.0504564  0.0502705  0.0945742  -1.38778e-17  
t = 19
CFR  2.77556e-17  0.181698  -0.0182472  0.0340918  -0.00452912  -0.158673  0.00672306  -0.0191589  -0.0280905  -0.145718  -0.337084  
CFR_EX+IN  -0.181698  0  0.0315559  -0.19825  -0.0199599  -0.102511  -0.149858  0.0121186  -0.188447  0.0689582  -0.247082  
CFR_IN  0.0182472  -0.0315559  -5.55112e-17  -0.130063  0.0462251  -0.0904372  -0.0907026  -0.111978  0.357072  -0.057617  -0.251135  
A-CFR_IN  -0.0340918  0.19825  0.130063  0  -0.0499386  -0.107655  -0.215686  -0.235429  0.0220043  -0.130613  -0.0329694  
BPS-CFR  0.00452912  0.0199599  -0.0462251  0.0499386  0  -0.267065  0.0242452  -0.0316799  0.059922  -0.1157  0.122843  
TIPS-CFR  0.158673  0.102511  0.0904372  0.107655  0.267065  -2.77556e-17  0.0652382  0.0803432  0.266735  0.0516894  0.0466771  
CSPS-CFR  -0.00672306  0.149858  0.0907026  0.215686  -0.0242452  -0.0652382  5.55112e-17  0.036  0.296008  -0.0269168  0.038193  
CFPS-CFR  0.0191589  -0.0121186  0.111978  0.235429  0.0316799  -0.0803432  -0.036  -6.93889e-18  0.197768  0.202044  0.176139  
CFPS-CFR_EX+IN  0.0280905  0.188447  -0.357072  -0.0220043  -0.059922  -0.266735  -0.296008  -0.197768  1.38778e-17  -0.0304939  -0.193653  
TIPS-CFR_EX+IN  0.145718  -0.0689582  0.057617  0.130613  0.1157  -0.0516894  0.0269168  -0.202044  0.0304939  0  -0.0682669  
BEHAV-CFR  0.337084  0.247082  0.251135  0.0329694  -0.122843  -0.0466771  -0.038193  -0.176139  0.193653  0.0682669  -2.0383e-17  
t = 20
CFR  0  -0.162332  -0.321731  0.11133  -0.23062  -0.253076  -0.0823075  -0.370835  -0.107845  0.0607375  -0.0256328  
CFR_EX+IN  0.162332  -2.77556e-17  -0.366598  -0.0978482  0.00514079  -0.165657  0.0918885  -0.106527  0.119375  -0.113388  0.00144749  
CFR_IN  0.321731  0.366598  1.11022e-16  0.329451  0.194848  -0.0552833  0.220783  -0.021618  -0.15833  -0.106488  -0.16639  
A-CFR_IN  -0.11133  0.0978482  -0.329451  0  -0.200792  -0.204651  -0.146388  -0.218443  -0.0333876  0.172127  -0.0486872  
BPS-CFR  0.23062  -0.00514079  -0.194848  0.200792  0  -0.198038  -0.0997423  -0.22444  0.0632758  0.131935  -0.232802  
TIPS-CFR  0.253076  0.165657  0.0552833  0.204651  0.198038  0  0.0765798  0.0045393  0.24247  0.256966  0.011337  
CSPS-CFR  0.0823075  -0.0918885  -0.220783  0.146388  0.0997423  -0.0765798  -1.38778e-17  0.349446  -0.0253345  0.155818  -0.132197  
CFPS-CFR  0.370835  0.106527  0.021618  0.218443  0.22444  -0.0045393  -0.349446  1.38778e-17  0.131387  0.26454  0.0176241  
CFPS-CFR_EX+IN  0.107845  -0.119375  0.15833  0.0333876  -0.0632758  -0.24247  0.0253345  -0.131387  1.38778e-17  0.123293  -0.0613695  
TIPS-CFR_EX+IN  -0.0607375  0.113388  0.106488  -0.172127  -0.131935  -0.256966  -0.155818  -0.26454  -0.123293  3.46945e-18  0.0613211  
BEHAV-CFR  0.0256328  -0.00144749  0.16639  0.0486872  0.232802  -0.011337  0.132197  -0.0176241  0.0613695  -0.0613211  -6.93889e-18  
t = 21
CFR  -1.38778e-17  -0.0806984  -0.138218  -0.0423908  -0.282709  -0.236547  -0.158878  -0.57689  -0.0329888  -0.0182137  -0.0855241  
CFR_EX+IN  0.0806984  5.55112e-17  -0.175929  -0.0700081  0.0807009  -0.221829  -0.0807633  -0.356602  -0.129616  -0.191053  -0.310142  
CFR_IN  0.138218  0.175929  0  0.312687  0.280621  -0.449061  0.0997074  0.00292822  -0.269158  -0.0532874  -0.170015  
A-CFR_IN  0.0423908  0.0700081  -0.312687  0  -0.0039171  -0.297635  -0.117737  -0.463364  0.049646  -0.098416  -0.126017  
BPS-CFR  0.282709  -0.0807009  -0.280621  0.0039171  -1.38778e-17  -0.165894  -0.0559631  -0.0137873  0.108854  -0.00977636  -0.0111986  
TIPS-CFR  0.236547  0.221829  0.449061  0.297635  0.165894  -3.46945e-18  0.109124  0.0782108  0.215912  0.0814125  -0.0332059  
CSPS-CFR  0.158878  0.0807633  -0.0997074  0.117737  0.0559631  -0.109124  1.38778e-17  0.043463  -0.0785364  0.0989866  -0.0893489  
CFPS-CFR  0.57689  0.356602  -0.00292822  0.463364  0.0137873  -0.0782108  -0.043463  -6.93889e-18  0.164815  0.133575  -0.0839051  
CFPS-CFR_EX+IN  0.0329888  0.129616  0.269158  -0.049646  -0.108854  -0.215912  0.0785364  -0.164815  0  -0.0769282  -0.106446  
TIPS-CFR_EX+IN  0.0182137  0.191053  0.0532874  0.098416  0.00977636  -0.0814125  -0.0989866  -0.133575  0.0769282  -8.67362e-18  -0.0531969  
BEHAV-CFR  0.0855241  0.310142  0.170015  0.126017  0.0111986  0.0332059  0.0893489  0.0839051  0.106446  0.0531969  0  
t = 22
CFR  0  0.0105537  0.123293  -0.193997  -0.116922  -0.106909  -0.399174  -0.232256  -0.0333736  -0.0574158  -0.100638  
CFR_EX+IN  -0.0105537  0  -0.0230538  -0.021334  0.0395156  -0.212263  -0.171583  -0.295726  -0.123058  -0.0134041  -0.226416  
CFR_IN  -0.123293  0.0230538  -2.77556e-17  0.245469  -0.116502  0.133613  0.025395  0.00351975  0.127638  -0.21053  -0.116852  
A-CFR_IN  0.193997  0.021334  -0.245469  0  -0.253258  -0.0325898  0.125452  -0.612185  -0.263616  -0.382308  -0.21481  
BPS-CFR  0.116922  -0.0395156  0.116502  0.253258  0  -0.0318716  0.00085031  -0.168349  0.0329135  -0.209781  -0.258428  
TIPS-CFR  0.106909  0.212263  -0.133613  0.0325898  0.0318716  0  -0.0443165  -0.0215463  0.252555  -0.113425  -0.251225  
CSPS-CFR  0.399174  0.171583  -0.025395  -0.125452  -0.00085031  0.0443165  4.16334e-17  -0.0571817  0.0667624  0.0314317  0.0286027  
CFPS-CFR  0.232256  0.295726  -0.00351975  0.612185  0.168349  0.0215463  0.0571817  -1.23599e-17  0.198107  -0.010769  -0.186668  
CFPS-CFR_EX+IN  0.0333736  0.123058  -0.127638  0.263616  -0.0329135  -0.252555  -0.0667624  -0.198107  2.77556e-17  -0.186864  -0.215651  
TIPS-CFR_EX+IN  0.0574158  0.0134041  0.21053  0.382308  0.209781  0.113425  -0.0314317  0.010769  0.186864  -1.38778e-17  -0.0782441  
BEHAV-CFR  0.100638  0.226416  0.116852  0.21481  0.258428  0.251225  -0.0286027  0.186668  0.215651  0.0782441  -1.43115e-17  
t = 23
CFR  0  -0.0384205  -0.418333  -0.2316  0.0731032  -0.30511  -0.119274  -0.0164441  -0.0383449  -0.182362  -0.166908  
CFR_EX+IN  0.0384205  8.67362e-18  -0.0239175  0.0272555  -0.301666  -0.315509  -0.115078  -0.175184  -0.189972  0.0721276  -0.0925294  
CFR_IN  0.418333  0.0239175  5.55112e-17  0.26444  0.0200698  0.054002  0.0476877  -0.178576  -0.150234  -0.0965917  -0.0246468  
A-CFR_IN  0.2316  -0.0272555  -0.26444  0  -0.193741  -0.0555782  -0.0889  -0.50996  -0.0249665  -0.545354  -0.0753638  
BPS-CFR  -0.0731032  0.301666  -0.0200698  0.193741  -6.93889e-18  -0.101843  0.0659192  -0.136123  0.0241211  -0.114242  0.0138729  
TIPS-CFR  0.30511  0.315509  -0.054002  0.0555782  0.101843  6.93889e-18  0.0596207  -0.0697671  0.112357  0.170504  0.141605  
CSPS-CFR  0.119274  0.115078  -0.0476877  0.0889  -0.0659192  -0.0596207  -6.93889e-18  -0.0509291  0.00828097  0.115781  -0.179744  
CFPS-CFR  0.0164441  0.175184  0.178576  0.50996  0.136123  0.0697671  0.0509291  -2.08167e-17  0.119251  -0.0612075  -0.0879244  
CFPS-CFR_EX+IN  0.0383449  0.189972  0.150234  0.0249665  -0.0241211  -0.112357  -0.00828097  -0.119251  0  0.00575954  -0.0615895  
TIPS-CFR_EX+IN  0.182362  -0.0721276  0.0965917  0.545354  0.114242  -0.170504  -0.115781  0.0612075  -0.00575954  6.93889e-18  0.0597021  
BEHAV-CFR  0.166908  0.0925294  0.0246468  0.0753638  -0.0138729  -0.141605  0.179744  0.0879244  0.0615895  -0.0597021  3.1225e-17  
t = 24
CFR  0  -0.0147896  -0.19532  -0.021433  0.0330757  -0.20492  0.0508906  0.0436749  -0.232589  -0.257403  -0.121147  
CFR_EX+IN  0.0147896  -1.38778e-17  0.0524478  0.0809643  -0.192837  -0.30762  -0.0483218  -0.241268  -0.0786534  -0.00653747  0.111086  
CFR_IN  0.19532  -0.0524478  -1.11022e-16  0.523734  0.0346358  -0.184632  0.147523  -0.0566054  0.160387  -0.0347865  -0.0610676  
A-CFR_IN  0.021433  -0.0809643  -0.523734  0  -0.322282  0.325684  -0.147747  -0.0525167  -0.395621  -0.352995  0.0756268  
BPS-CFR  -0.0330757  0.192837  -0.0346358  0.322282  8.67362e-19  -0.1115  0.0951021  -0.11527  -0.0546715  0.00764632  0.00924844  
TIPS-CFR  0.20492  0.30762  0.184632  -0.325684  0.1115  6.93889e-18  -0.025504  -0.0632739  0.0746641  0.0994497  -0.0157454  
CSPS-CFR  -0.0508906  0.0483218  -0.147523  0.147747  -0.0951021  0.025504  1.38778e-17  -0.0600835  0.0209075  -0.0109751  -0.11859  
CFPS-CFR  -0.0436749  0.241268  0.0566054  0.0525167  0.11527  0.0632739  0.0600835  -1.73472e-17  0.088774  0.0559903  -0.12565  
CFPS-CFR_EX+IN  0.232589  0.0786534  -0.160387  0.395621  0.0546715  -0.0746641  -0.0209075  -0.088774  2.77556e-17  0.00883135  0.0739771  
TIPS-CFR_EX+IN  0.257403  0.00653747  0.0347865  0.352995  -0.00764632  -0.0994497  0.0109751  -0.0559903  -0.00883135  2.77556e-17  -0.0997159  
BEHAV-CFR  0.121147  -0.111086  0.0610676  -0.0756268  -0.00924844  0.0157454  0.11859  0.12565  -0.0739771  0.0997159  1.38778e-17  
t = 25
CFR  5.55112e-17  0.156709  0.208481  0.177119  0.0740669  -0.182477  -0.0831075  0.0333078  -0.142579  -0.306474  -0.22657  
CFR_EX+IN  -0.156709  -1.73472e-18  0.0536294  0.222804  -0.0178289  -0.211494  -0.0045844  -0.202934  -0.0846806  -0.0675472  -0.0846947  
CFR_IN  -0.208481  -0.0536294  -2.77556e-17  0.0743344  0.0109007  -0.0995988  0.279221  0.0388517  0.237769  -0.126209  -0.264823  
A-CFR_IN  -0.177119  -0.222804  -0.0743344  0  -0.205434  -0.104688  -0.329676  -0.175677  -0.0877782  -0.0781143  0.0653062  
BPS-CFR  -0.0740669  0.0178289  -0.0109007  0.205434  3.1225e-17  -0.0738901  -0.0285655  -0.0101542  -0.138367  -0.0837568  -0.0235606  
TIPS-CFR  0.182477  0.211494  0.0995988  0.104688  0.0738901  2.08167e-17  -0.0841723  0.163822  0.0359515  0.0423717  0.00737894  
CSPS-CFR  0.0831075  0.0045844  -0.279221  0.329676  0.0285655  0.0841723  1.38778e-17  -0.0113188  0.0494717  0.0889079  -0.120208  
CFPS-CFR  -0.0333078  0.202934  -0.0388517  0.175677  0.0101542  -0.163822  0.0113188  -1.73472e-18  0.0683425  0.111687  -0.227452  
CFPS-CFR_EX+IN  0.142579  0.0846806  -0.237769  0.0877782  0.138367  -0.0359515  -0.0494717  -0.0683425  -2.08167e-17  -0.0168505  0.108281  
TIPS-CFR_EX+IN  0.306474  0.0675472  0.126209  0.0781143  0.0837568  -0.0423717  -0.0889079  -0.111687  0.0168505  0  0.0283783  
BEHAV-CFR  0.22657  0.0846947  0.264823  -0.0653062  0.0235606  -0.00737894  0.120208  0.227452  -0.108281  -0.0283783  1.38778e-17  
t = 26
CFR  0  0.014753  -0.225957  0.387101  0.0198322  -0.20768  -0.115856  -0.106904  -0.249267  -0.251317  -0.199839  
CFR_EX+IN  -0.014753  -3.46945e-18  -0.148676  0.112252  0.114098  -0.109965  -0.0426455  -0.0574966  -0.0619876  -0.0321136  -0.161205  
CFR_IN  0.225957  0.148676  0  -0.00877603  0.17546  -0.0559348  0.140391  -0.113997  -0.0242056  -0.228461  -0.178468  
A-CFR_IN  -0.387101  -0.112252  0.00877603  0  -0.0144702  -0.451873  -0.264706  -0.309359  -0.191929  0.134039  0.00689955  
BPS-CFR  -0.0198322  -0.114098  -0.17546  0.0144702  -2.08167e-17  -0.119934  -0.0158403  0.0111614  -0.104746  -0.129221  0.0622613  
TIPS-CFR  0.20768  0.109965  0.0559348  0.451873  0.119934  2.08167e-17  -0.0186138  -0.0309273  -0.0421761  -0.0275332  0.0745893  
CSPS-CFR  0.115856  0.0426455  -0.140391  0.264706  0.0158403  0.0186138  4.16334e-17  0.0353309  0.0396589  0.0901522  -0.0402034  
CFPS-CFR  0.106904  0.0574966  0.113997  0.309359  -0.0111614  0.0309273  -0.0353309  0  -0.0346764  0.0168105  -0.0849599  
CFPS-CFR_EX+IN  0.249267  0.0619876  0.0242056  0.191929  0.104746  0.0421761  -0.0396589  0.0346764  1.38778e-17  -0.10875  0.0556862  
TIPS-CFR_EX+IN  0.251317  0.0321136  0.228461  -0.134039  0.129221  0.0275332  -0.0901522  -0.0168105  0.10875  0  -0.0362617  
BEHAV-CFR  0.199839  0.161205  0.178468  -0.00689955  -0.0622613  -0.0745893  0.0402034  0.0849599  -0.0556862  0.0362617  -5.55112e-17  
t = 27
CFR  3.46945e-18  -0.340929  -0.420412  0.382977  -0.0371401  -0.154664  -0.113428  -0.253779  -0.233954  -0.209261  -0.187092  
CFR_EX+IN  0.340929  2.77556e-17  -0.0696081  0.155981  0.129916  -0.0708823  -0.112897  -0.168484  0.0233632  -0.0483172  -0.211358  
