learner/env  CFR  CFR_IN  A-CFR_IN  BPS-CFR  TIPS-CFR  CSPS-CFR  CFPS-CFR  
t = 0
CFR  -6.93889e-18  -6.93889e-18  -6.93889e-18  -6.93889e-18  -6.93889e-18  -6.93889e-18  -6.93889e-18  
CFR_IN  -6.93889e-18  -6.93889e-18  -6.93889e-18  -6.93889e-18  -6.93889e-18  -6.93889e-18  -6.93889e-18  
A-CFR_IN  -6.93889e-18  -6.93889e-18  -6.93889e-18  -6.93889e-18  -6.93889e-18  -6.93889e-18  -6.93889e-18  
BPS-CFR  -6.93889e-18  -6.93889e-18  -6.93889e-18  -6.93889e-18  -6.93889e-18  -6.93889e-18  -6.93889e-18  
TIPS-CFR  -6.93889e-18  -6.93889e-18  -6.93889e-18  -6.93889e-18  -6.93889e-18  -6.93889e-18  -6.93889e-18  
CSPS-CFR  -6.93889e-18  -6.93889e-18  -6.93889e-18  -6.93889e-18  -6.93889e-18  -6.93889e-18  -6.93889e-18  
CFPS-CFR  -6.93889e-18  -6.93889e-18  -6.93889e-18  -6.93889e-18  -6.93889e-18  -6.93889e-18  -6.93889e-18  
t = 1
CFR  0  -0.526796  -0.526796  1.38778e-17  -0.526796  -0.353288  -0.526796  
CFR_IN  0.526796  1.78938e-16  2.93321e-16  0.526796  2.10488e-16  0.266667  6.48798e-17  
A-CFR_IN  0.526796  2.44081e-16  3.58464e-16  0.526796  2.75631e-16  0.266667  1.30022e-16  
BPS-CFR  -4.16334e-17  -0.526796  -0.526796  -2.77556e-17  -0.526796  -0.353288  -0.526796  
TIPS-CFR  0.526796  9.54543e-17  2.09838e-16  0.526796  1.27005e-16  0.266667  -1.86038e-17  
CSPS-CFR  0.353288  -0.266667  -0.266667  0.353288  -0.266667  4.95049e-18  -0.266667  
CFPS-CFR  0.526796  2.68818e-16  3.83202e-16  0.526796  3.00369e-16  0.266667  1.5476e-16  
t = 2
CFR  0  0.580347  0.71292  -0.0683287  0.533523  0.499316  0.533523  
CFR_IN  -0.580347  1.29237e-16  -0.169111  -0.574064  -1.5647e-06  0.0730434  2.96254e-07  
A-CFR_IN  -0.71292  0.169111  2.77556e-16  -0.708134  0.169138  0.201591  0.169176  
BPS-CFR  0.0683287  0.574064  0.708134  2.77556e-17  0.526601  0.509649  0.526601  
TIPS-CFR  -0.533523  1.5647e-06  -0.169137  -0.526601  2.45463e-16  0.0729632  1.86095e-06  
CSPS-CFR  -0.499316  -0.0730434  -0.201591  -0.509649  -0.0729632  3.46945e-17  -0.0730758  
CFPS-CFR  -0.533523  -2.96254e-07  -0.169175  -0.526601  -1.86095e-06  0.0730758  2.41994e-16  
t = 3
CFR  -4.16334e-17  -0.749786  -0.256385  0.0892692  -0.740338  -0.583975  -0.744998  
CFR_IN  0.749786  0.000298447  -0.510542  0.749481  -0.0221299  0.0519531  0.0370351  
A-CFR_IN  0.256385  0.510542  3.60822e-16  0.254868  0.451427  0.48618  0.50338  
BPS-CFR  -0.0892692  -0.749481  -0.254868  2.77556e-17  -0.739837  -0.57429  -0.744552  
TIPS-CFR  0.740338  0.0232548  -0.451426  0.739837  9.68603e-07  0.029473  0.000470261  
CSPS-CFR  0.583975  -0.0519531  -0.48618  0.57429  -0.029473  1.38778e-17  -0.0477611  
CFPS-CFR  0.744998  -0.0365714  -0.50338  0.744552  0.00109634  0.0477611  0.00013999  
t = 4
CFR  -1.38778e-17  -0.379185  -0.495068  -0.0536805  -0.440641  0.0731756  -0.430016  
CFR_IN  0.379185  0.000234695  0.241316  0.377812  -0.0237452  -0.165761  -0.0383302  
A-CFR_IN  0.495068  -0.241311  9.99201e-16  0.492451  -0.539433  -0.363079  -0.312308  
BPS-CFR  0.0536805  -0.377812  -0.492451  1.04083e-17  -0.452054  0.113639  -0.429289  
TIPS-CFR  0.440641  0.0238623  0.539443  0.452054  4.78186e-05  0.00950401  0.0154873  
CSPS-CFR  -0.0731756  0.165761  0.363079  -0.113639  -0.00950334  -3.46945e-17  -0.0712979  
CFPS-CFR  0.430016  0.0388442  0.312309  0.429289  -0.0152658  0.0712979  0.000222823  
t = 5
CFR  1.38778e-17  -0.239701  -0.311085  -0.0358761  -0.236047  0.0373384  -0.302423  
CFR_IN  0.239701  1.66533e-16  -0.524435  0.22678  0.0651596  0.236696  -0.0170507  
A-CFR_IN  0.311085  0.524435  1.38778e-16  0.23982  0.452167  0.115833  0.408389  
BPS-CFR  0.0358761  -0.22678  -0.23982  -1.38778e-17  -0.219113  0.0142733  -0.29089  
TIPS-CFR  0.236047  -0.0651532  -0.452155  0.219113  8.32667e-17  0.603379  0.0149107  
CSPS-CFR  -0.0373384  -0.236696  -0.115833  -0.0142733  -0.603379  1.17009e-16  -0.182575  
CFPS-CFR  0.302423  0.0170507  -0.408389  0.29089  -0.0149107  0.182566  1.11022e-16  
t = 6
CFR  -1.38778e-17  0.47293  0.211055  -0.0219188  0.501222  -0.0285151  0.851924  
CFR_IN  -0.47293  -1.73472e-17  -0.255593  -0.327457  -0.228951  -0.350785  -0.101132  
A-CFR_IN  -0.211055  0.255653  1.31006e-14  -0.27654  0.527722  0.146835  0.163849  
BPS-CFR  0.0219188  0.327457  0.27654  1.38778e-17  0.469931  0.0718585  0.84491  
TIPS-CFR  -0.501222  0.228951  -0.525398  -0.469931  1.63421e-08  -0.580092  0.0269111  
CSPS-CFR  0.0285151  0.350785  -0.146835  -0.0718585  0.580092  -4.02456e-16  0.388858  
CFPS-CFR  -0.851924  0.101132  -0.163849  -0.84491  -0.0269111  -0.388858  1.11022e-16  
t = 7
CFR  0  -0.0933983  -0.251397  0.0141133  0.199035  0.021452  -0.0298704  
CFR_IN  0.0933983  -8.32667e-17  -0.0294215  0.0384344  -0.0356052  -0.235395  -0.0185122  
A-CFR_IN  0.251397  0.0294218  1.11022e-16  0.31067  0.293521  -0.416327  0.0948656  
BPS-CFR  -0.0141133  -0.0384344  -0.31067  6.93889e-18  0.197249  -0.321268  -0.0871118  
TIPS-CFR  -0.199035  0.0356064  -0.293519  -0.197249  2.77556e-17  -0.839221  -0.0946916  
CSPS-CFR  -0.021452  0.235395  0.416327  0.321268  0.839221  0  0.300245  
CFPS-CFR  0.0298704  0.0185122  -0.0948656  0.0871118  0.0946916  -0.300245  6.48995e-14  
t = 8
CFR  6.93889e-18  0.469964  0.432603  0.0114587  0.0362232  -0.395274  -0.114061  
CFR_IN  -0.469964  -2.08167e-17  0.031754  -0.301292  0.185676  0.389762  -0.103015  
A-CFR_IN  -0.432603  -0.031754  4.44089e-16  -0.170643  -0.0337875  0.329678  0.184795  
BPS-CFR  -0.0114587  0.301292  0.170643  6.93889e-18  0.0661984  0.0902057  -0.0818452  
TIPS-CFR  -0.0362232  -0.185676  0.0337875  -0.0661984  2.22045e-16  0.462447  0.0730314  
CSPS-CFR  0.395274  -0.389762  -0.329678  -0.0902057  -0.462447  8.32667e-17  -0.606907  
CFPS-CFR  0.114061  0.103015  -0.184622  0.0818452  -0.0730126  0.606907  4.64023e-06  
t = 9
CFR  1.21431e-17  0.289423  0.639556  0.0728969  0.132318  -0.632759  0.680193  
CFR_IN  -0.289423  -0.000518618  -0.576112  -0.295376  -0.0407982  0.212699  -0.11141  
A-CFR_IN  -0.639556  0.576112  2.498e-16  -0.149762  0.278326  -0.331979  -0.181965  
BPS-CFR  -0.0728969  0.295376  0.149762  6.93889e-18  0.0307092  -0.407475  0.71873  
TIPS-CFR  -0.132318  0.0407982  -0.278326  -0.0307092  -2.77556e-16  0.299635  -0.0336163  
CSPS-CFR  0.632759  -0.212699  0.331979  0.407475  -0.299635  9.15934e-16  -0.198336  
CFPS-CFR  -0.680193  0.11141  0.181965  -0.71873  0.0336157  0.198336  2.77556e-16  
t = 10
CFR  2.77556e-17  0.0277429  -0.602039  0.0389183  -0.220669  -0.0076741  0.0082349  
CFR_IN  -0.0277429  1.94289e-16  0.177748  -0.187713  -0.00798658  0.0258008  0.0418242  
A-CFR_IN  0.602039  -0.177748  4.82947e-15  -0.141568  -0.178916  -0.0516312  -0.359432  
BPS-CFR  -0.0389183  0.187713  0.141568  -2.77556e-17  -0.0931054  -0.137376  -0.155044  
TIPS-CFR  0.220669  0.00798658  0.178916  0.0931054  8.50015e-17  0.340805  -0.109103  
CSPS-CFR  0.0076741  -0.0258008  0.0517402  0.137376  -0.340805  3.46945e-16  -0.220521  
CFPS-CFR  -0.0082349  -0.0418242  0.359432  0.155044  0.109103  0.220521  6.93889e-17  
t = 11
CFR  0  -0.0463634  0.589989  0.000434843  -0.329665  -0.246635  -0.212345  
CFR_IN  0.0463634  1.38778e-16  -0.619753  -0.111507  -0.202978  -0.532061  -0.260155  
A-CFR_IN  -0.589989  0.619753  6.10623e-16  -0.420517  0.325227  0.118239  -0.486058  
BPS-CFR  -0.000434843  0.111507  0.420517  6.93889e-18  -0.163046  -0.208181  -0.167577  
TIPS-CFR  0.32959  0.202978  -0.325227  0.163046  1.14492e-16  0.0411723  0.0322659  
CSPS-CFR  0.246635  0.532061  -0.118239  0.208181  -0.0411723  5.55112e-16  0.214851  
CFPS-CFR  0.212345  0.260155  0.486058  0.167577  -0.0322659  -0.214851  3.29597e-16  
t = 12
CFR  3.46945e-18  -0.573444  0.0494925  -0.0314435  -0.225011  0.121775  -0.340046  
CFR_IN  0.573444  2.22045e-16  0.324975  0.63411  -0.26671  0.750145  -0.0216204  
A-CFR_IN  -0.0494925  -0.324975  1.66533e-15  0.201234  -0.31737  -0.337636  0.174851  
BPS-CFR  0.0314435  -0.63411  -0.201234  0  -0.352306  -0.130331  -0.182574  
TIPS-CFR  0.225011  0.26671  0.31737  0.352306  1.4988e-15  -0.240837  0.0680382  
CSPS-CFR  -0.121775  -0.750145  0.337636  0.130331  0.240837  4.64906e-16  -0.371002  
CFPS-CFR  0.340046  0.0216204  -0.174481  0.182574  -0.0680382  0.371002  -8.32667e-17  
t = 13
CFR  0  -0.234331  0.419049  0.0426112  -0.284165  0.102626  -0.286102  
CFR_IN  0.234331  1.66533e-16  0.0285528  0.416078  -0.0782338  -0.383911  0.111609  
A-CFR_IN  -0.419049  -0.0285528  3.08446e-06  -0.258429  -0.441617  0.298753  -0.261719  
BPS-CFR  -0.0426112  -0.416078  0.258429  -3.46945e-18  -0.323885  0.104691  -0.30673  
TIPS-CFR  0.284165  0.0782338  0.441617  0.323885  -1.94289e-16  -0.107928  -0.0289028  
CSPS-CFR  -0.102626  0.383911  -0.298753  -0.104691  0.107928  9.99201e-16  0.25028  
CFPS-CFR  0.286102  -0.111609  0.263694  0.30673  0.0289029  -0.249804  3.33067e-16  
t = 14
CFR  0  0.270474  0.855266  -0.20166  0.0598854  -0.0162684  0.117815  
CFR_IN  -0.270474  3.33067e-16  0.304555  0.215511  0.0330694  -0.37696  0.112187  
A-CFR_IN  -0.857734  -0.304555  5.90648e-05  -0.388209  0.0772115  0.0212715  -0.650438  
BPS-CFR  0.20166  -0.215511  0.388221  0  0.0839264  0.0571935  0.0546022  
TIPS-CFR  -0.0598854  -0.0330775  -0.0772115  -0.0839264  -2.22045e-16  -0.0179174  0.00134214  
CSPS-CFR  0.0162684  0.37696  -0.0212715  -0.0571935  0.0179174  2.77556e-17  0.307587  
CFPS-CFR  -0.117815  -0.112187  0.650725  -0.0546022  -0.00132309  -0.307587  2.35922e-16  
t = 15
CFR  2.08167e-17  -0.361758  0.139988  -0.355014  0.0371918  0.0241583  -0.261794  
CFR_IN  0.361758  2.77556e-16  0.0360499  0.117102  0.291456  -0.000860052  0.0196238  
A-CFR_IN  -0.13984  -0.0360499  5.55112e-16  -0.0767963  0.0351843  -0.247156  -0.419617  
BPS-CFR  0.355014  -0.117102  0.0767963  -1.21431e-17  0.283274  -0.10366  -0.216657  
TIPS-CFR  -0.0371918  -0.291456  -0.0351843  -0.283274  2.95319e-14  0.127355  0.116559  
CSPS-CFR  -0.0241583  0.000860052  0.247164  0.10366  -0.127355  2.77556e-17  -0.221192  
CFPS-CFR  0.261794  -0.0196238  0.419617  0.216657  -0.116559  0.221192  4.16334e-16  
t = 16
CFR  2.77556e-17  0.0545285  -0.296845  0.0495408  0.122083  -0.181676  -0.364271  
CFR_IN  -0.0545285  0.00168104  -0.226634  0.0331203  0.00809818  -0.0325372  0.0426569  
A-CFR_IN  0.296845  0.226634  5.2053e-06  -0.228601  0.0613117  -0.420091  0.322003  
BPS-CFR  -0.0495408  -0.0331203  0.228601  2.77556e-17  -0.0488188  -0.0658863  -0.318653  
TIPS-CFR  -0.122079  -0.00809818  -0.0613117  0.0488188  8.86624e-13  0.163681  -0.0559596  
CSPS-CFR  0.181676  0.0325372  0.420091  0.0658863  -0.163681  1.16573e-15  0.0364054  
CFPS-CFR  0.364271  -0.0426569  -0.322538  0.318653  0.0559596  -0.0364054  4.44089e-16  
t = 17
CFR  4.16334e-17  0.377344  -0.334918  0.144887  0.0153703  -0.00373893  -0.0631051  
CFR_IN  -0.377344  1.79023e-15  0.126438  -0.241277  0.0412523  -0.194835  -0.431578  
A-CFR_IN  0.334918  -0.126438  2.74964e-06  -0.345249  -0.39149  -0.349072  -0.285643  
BPS-CFR  -0.144887  0.241277  0.345249  -1.04083e-17  -0.118364  -0.0569043  -0.00414982  
TIPS-CFR  -0.0153668  -0.0412523  0.39149  0.118364  7.49012e-13  0.435631  -0.109413  
CSPS-CFR  0.00373893  0.194835  0.349072  0.0569043  -0.435631  2.27816e-16  -0.0422864  
CFPS-CFR  0.0631051  0.431578  0.285643  0.00414982  0.109413  0.0422864  1.11022e-16  
t = 18
CFR  -1.38778e-17  0.337485  0.0816553  0.129101  -0.209514  0.0295336  0.0645881  
CFR_IN  -0.337485  5.55112e-17  -0.304335  -0.319616  -0.0473043  -0.0624161  0.170903  
A-CFR_IN  -0.0816553  0.304335  9.19262e-07  -0.226163  0.189768  -0.42877  -0.198099  
BPS-CFR  -0.129101  0.319616  0.226163  0  -0.263806  -0.0815847  -0.115257  
TIPS-CFR  0.209514  0.0473043  -0.189768  0.263806  9.71445e-17  -0.095284  0.0625199  
CSPS-CFR  -0.0295336  0.0624161  0.42877  0.0815847  0.095284  1.57106e-16  -0.230989  
CFPS-CFR  -0.0645881  -0.170903  0.198098  0.115257  -0.0625199  0.230989  2.77556e-17  
t = 19
CFR  0  0.162485  0.436527  0.107218  -0.216024  0.312123  -0.119284  
CFR_IN  -0.162485  -1.11022e-16  0.147116  -0.123034  -0.183723  -0.365133  0.145935  
A-CFR_IN  -0.436527  -0.147116  1.69309e-15  -0.201575  0.141763  -0.542444  -0.0049156  
BPS-CFR  -0.107218  0.123034  0.201575  1.38778e-17  -0.400734  0.680396  -0.14317  
TIPS-CFR  0.216075  0.183723  -0.141748  0.400734  0  -0.012717  -0.224001  
CSPS-CFR  -0.312123  0.366649  0.542444  -0.680396  0.012717  -1.73245e-17  -0.245668  
CFPS-CFR  0.119284  -0.145935  0.0049156  0.14317  0.224001  0.245668  3.83027e-15  
t = 20
CFR  2.77556e-17  0.0464362  0.294727  0.0489982  -0.163349  -0.0590858  -0.26806  
CFR_IN  -0.0464362  -1.66533e-16  -0.407985  -0.0595443  0.230545  0.454945  0.253531  
A-CFR_IN  -0.294727  0.407985  1.66533e-16  -0.0561778  -0.0331407  -0.428829  -0.337469  
BPS-CFR  -0.0489982  0.0595443  0.0561778  0  -0.16124  0.401426  -0.103471  
TIPS-CFR  0.163349  -0.230545  0.0331407  0.16124  2.77556e-16  0.300341  0.117938  
CSPS-CFR  0.0590858  -0.454845  0.428829  -0.401426  -0.300341  -2.08167e-16  0.164667  
CFPS-CFR  0.267987  -0.253531  0.337469  0.103471  -0.117935  -0.164667  0  
t = 21
CFR  2.77556e-17  -0.180898  0.742161  -0.0594269  -0.172132  0.280478  -0.221715  
CFR_IN  0.180898  2.22045e-16  0.0910222  -0.218124  -0.148481  -0.0916571  -0.0379614  
A-CFR_IN  -0.742161  -0.0910222  4.44089e-16  0.251701  -0.352124  0.271998  -0.654978  
BPS-CFR  0.0594269  0.218124  -0.245902  -1.38778e-17  -0.23659  0.0584735  -0.0443478  
TIPS-CFR  0.172132  0.148481  0.352124  0.23659  1.11022e-16  0.0600949  0.139634  
CSPS-CFR  -0.280478  0.0916571  -0.271998  -0.0584735  -0.0600949  -2.77556e-16  0.166212  
CFPS-CFR  0.221681  0.0385956  0.654978  0.0443478  -0.139634  -0.166212  0  
t = 22
CFR  0  -0.0333862  -0.203947  -0.243987  0.0917091  0.101759  -0.0237752  
CFR_IN  0.0333862  3.88578e-16  -0.140296  0.178949  0.122005  -0.338915  -0.17948  
A-CFR_IN  0.203947  0.140296  1.12027e-06  0.0241627  -0.573329  0.0508558  -0.157219  
BPS-CFR  0.243987  -0.178949  -0.0241627  0  -0.127546  -0.19411  0.0142502  
TIPS-CFR  -0.0917615  -0.122005  0.573329  0.127546  1.38778e-16  0.0641972  0.205008  
CSPS-CFR  -0.101759  0.338915  -0.0508558  0.19411  -0.0641972  0  -0.082912  
CFPS-CFR  0.0237752  0.17948  0.157219  -0.0142502  -0.205008  0.082912  -1.11022e-16  
t = 23
CFR  1.38778e-17  0.132036  0.305535  -0.414517  0.00361468  -0.04085  0.255654  
CFR_IN  -0.132036  1.66533e-16  -0.22725  -0.189547  -0.296346  0.0903105  -0.037491  
A-CFR_IN  -0.305535  0.22725  8.75348e-07  -0.392233  0.219238  0.209501  0.421503  
BPS-CFR  0.414517  0.189547  0.392234  -1.38778e-17  -0.024102  -0.0371376  0.119186  
TIPS-CFR  -0.00361468  0.296346  -0.219238  0.024102  1.66533e-16  0.127496  -0.133354  
CSPS-CFR  0.04085  -0.0903105  -0.209501  0.0371376  -0.127496  7.97973e-17  -0.17789  
CFPS-CFR  -0.255654  0.037491  -0.421503  -0.119186  0.133361  0.17789  -7.21645e-16  
t = 24
CFR  -1.38778e-17  0.122443  0.684977  -0.249143  -0.292729  -0.32574  0.245074  
CFR_IN  -0.122443  1.66533e-16  -0.36962  0.135759  -0.178928  -0.185093  -0.130776  
A-CFR_IN  -0.684977  0.36962  2.77556e-16  -0.0603931  0.701023  0.403671  0.13813  
BPS-CFR  0.249143  -0.135759  0.0603931  -3.46945e-18  0.062269  -0.137213  0.0021521  
TIPS-CFR  0.292729  0.178928  -0.701023  -0.062269  8.32667e-17  -0.160435  -0.200172  
CSPS-CFR  0.32574  0.185093  -0.403671  0.137213  0.160435  -1.52656e-16  -0.130445  
CFPS-CFR  -0.245074  0.130776  -0.13813  -0.0021521  0.200172  0.130445  -2.22045e-16  
t = 25
CFR  0  -0.359566  0.0798191  -0.0901285  -0.203144  -0.176824  -0.127818  
CFR_IN  0.359566  3.88578e-16  -0.246756  0.125744  0.148561  -0.078876  -0.545533  
A-CFR_IN  -0.0798191  0.246756  2.67612e-07  -0.0654909  -0.432419  0.63836  -0.198959  
BPS-CFR  0.0901285  -0.125744  0.0654909  -6.93889e-18  0.0840955  -0.272795  0.0777576  
TIPS-CFR  0.203144  -0.148561  0.432419  -0.0840955  3.33067e-16  -0.0973526  0.0893636  
CSPS-CFR  0.176824  0.078876  -0.63836  0.272795  0.0973526  -1.38778e-16  -0.0640349  
CFPS-CFR  0.127818  0.545533  0.198959  -0.0777576  -0.0893636  0.0640349  5.55112e-17  
t = 26
CFR  0  -0.11686  -0.341816  -0.0537863  0.0426747  -0.159392  -0.355397  
CFR_IN  0.11686  1.44329e-15  -0.0292237  0.0185428  -0.249299  0.0431936  -0.212228  
A-CFR_IN  0.341816  0.0292237  1.16573e-15  0.288515  -0.301631  0.23465  -0.266307  
BPS-CFR  0.0537863  -0.0185428  -0.288515  2.08167e-17  0.0515501  0.0223069  0.0907712  
TIPS-CFR  -0.0426747  0.249299  0.301634  -0.0515501  1.94289e-16  -0.0281766  0.0707072  
CSPS-CFR  0.159392  -0.0431936  -0.23465  -0.0223069  0.0281766  2.08167e-17  0.180135  
CFPS-CFR  0.355397  0.212228  0.266307  -0.0907712  -0.0706571  -0.180135  -2.35922e-16  
t = 27
CFR  0  0.00736056  -0.034894  -0.0226918  0.00928281  -0.058934  -0.0247244  
CFR_IN  -0.00736056  1.16573e-15  0.499432  -0.0367646  -0.330799  0.0309789  -0.0462855  
A-CFR_IN  0.034894  -0.499432  2.05391e-15  -0.0342953  -0.00917328  -0.0598251  0.54556  
BPS-CFR  0.0226918  0.0367646  0.0342953  -2.08167e-17  -0.0850329  0.0332926  -0.077983  
TIPS-CFR  -0.00928281  0.330799  0.00917328  0.0850329  2.22045e-16  -0.20248  0.0744915  
CSPS-CFR  0.058934  -0.0309789  0.0598251  -0.0332926  0.20248  3.46945e-17  -0.22601  
CFPS-CFR  0.0247244  0.0462855  -0.54556  0.077983  -0.0744915  0.22601  6.28664e-14  
t = 28
CFR  1.73472e-18  -0.108343  0.0308839  0.1059  -0.247246  -0.0272157  0.0245963  
CFR_IN  0.108343  0  0.251333  0.282773  -0.024447  -0.039988  -0.0843234  
A-CFR_IN  -0.0308839  -0.251333  1.44329e-15  -0.603264  -0.186573  0.143176  0.352371  
BPS-CFR  -0.1059  -0.282773  0.603264  -2.77556e-17  -0.131846  0.0533914  -0.251439  
TIPS-CFR  0.247246  0.024447  0.186573  0.131846  4.44089e-16  0.179226  0.0752586  
CSPS-CFR  0.0272157  0.039988  -0.143176  -0.0533914  -0.179226  8.32667e-17  0.0544767  
CFPS-CFR  -0.0245963  0.0843234  -0.352371  0.251439  -0.0752586  -0.0544767  3.33067e-16  
t = 29
CFR  3.25261e-18  -0.0654438  0.0226155  0.259726  -0.373923  -0.103248  -0.025663  
CFR_IN  0.0654438  8.04912e-16  0.155794  0.275963  -0.147808  0.110099  -0.00958248  
A-CFR_IN  -0.0226155  -0.155794  4.14458e-15  -0.82223  -0.0346475  -0.0785735  0.000721543  
BPS-CFR  -0.259726  -0.275963  0.82223  1.04083e-17  0.0997653  0.0288809  -0.0604789  
TIPS-CFR  0.373923  0.147808  0.0346475  -0.0997653  1.11022e-16  0.121503  -0.120094  
CSPS-CFR  0.103248  -0.110099  0.0785735  -0.0288809  -0.121503  -2.77556e-17  -0.043833  
CFPS-CFR  0.025663  0.00958248  -0.000721541  0.0604789  0.120094  0.043833  4.71845e-16  
t = 30
CFR  1.73472e-18  -0.239034  -0.542528  0.228823  -0.405597  -0.148049  0.00884356  
CFR_IN  0.239034  1.38778e-16  -0.0185017  0.161245  -0.301617  -0.105622  -0.0993481  
A-CFR_IN  0.542528  0.0185017  5.74844e-15  -0.90747  0.0252805  -0.1857  0.13505  
BPS-CFR  -0.228823  -0.161245  0.90747  2.42861e-17  0.00260143  -0.058139  0.0693224  
TIPS-CFR  0.405597  0.301617  -0.0252805  -0.00260143  2.77556e-16  0.152383  -0.328662  
CSPS-CFR  0.148049  0.105622  0.1857  0.058139  -0.152383  -1.38778e-17  -0.0102924  
CFPS-CFR  -0.00884356  0.0993481  -0.13505  -0.0693224  0.328662  0.0102924  6.93889e-16  
t = 31
CFR  0  -0.0998654  -0.331403  0.200139  -0.211221  -0.162872  0.116609  
CFR_IN  0.0998654  -1.249e-16  0.0723166  0.0127727  -0.155835  0.0197337  -0.585712  
A-CFR_IN  0.331403  -0.0723166  3.38293e-15  -0.923691  -0.0571122  -0.15263  -0.267422  
BPS-CFR  -0.200139  -0.0127727  0.923691  0  -0.00678795  -0.171543  0.306069  
TIPS-CFR  0.211221  0.155835  0.0571122  0.00678795  2.91434e-16  -0.0710023  0.157872  
CSPS-CFR  0.162872  -0.0197337  0.15263  0.171543  0.0710023  -8.32667e-17  -0.00756536  
CFPS-CFR  -0.116609  0.585712  0.267422  -0.306069  -0.157872  0.00756536  7.07767e-16  
t = 32
CFR  2.77556e-17  -0.400347  -0.177472  0.158879  0.0836895  -0.197043  0.287393  
CFR_IN  0.400347  4.44089e-16  0.384843  0.019737  -0.0668643  0.41889  -0.199694  
A-CFR_IN  0.177472  -0.384843  1.67911e-15  -0.927507  -0.133302  0.453546  0.376031  
BPS-CFR  -0.158879  -0.019737  0.927507  1.38778e-17  -0.0592925  -0.141314  -0.0516974  
TIPS-CFR  -0.0836895  0.0668643  0.133302  0.0592925  1.7901e-13  -0.155706  0.114451  
CSPS-CFR  0.197043  -0.41889  -0.453546  0.141314  0.155706  3.05311e-16  8.57433e-05  
CFPS-CFR  -0.287393  0.199694  -0.376031  0.0516974  -0.114451  -8.57433e-05  5.34295e-16  
t = 33
CFR  4.16334e-17  -0.39165  0.142825  0.00895049  0.248303  -0.106628  0.16996  
CFR_IN  0.39165  4.44089e-16  -0.400257  -0.0821567  0.0303571  0.509954  -0.00446879  
A-CFR_IN  -0.142825  0.400257  5.90648e-16  -0.639807  -0.258217  0.470463  0.137213  
BPS-CFR  -0.00895049  0.0821567  0.639807  -1.38778e-17  0.115112  -0.19809  -0.146225  
TIPS-CFR  -0.248303  -0.0303571  0.258217  -0.115112  1.66533e-16  0.092542  -0.068111  
CSPS-CFR  0.106628  -0.509954  -0.470463  0.19809  -0.092542  6.93889e-17  -0.0125577  
CFPS-CFR  -0.16996  0.00446879  -0.137213  0.146225  0.068111  0.0125577  -4.94049e-15  
t = 34
CFR  -1.38778e-17  -0.0890715  -0.169728  -0.129011  0.223933  -0.0330676  0.179731  
CFR_IN  0.0890715  2.05391e-15  0.199217  -0.0932365  0.0509952  0.123589  -0.049843  
A-CFR_IN  0.169728  -0.199217  6.73379e-15  -0.550838  0.145269  0.203343  -0.109133  
BPS-CFR  0.129011  0.0932365  0.550838  -1.04083e-17  0.0231844  -0.329329  -0.0958126  
TIPS-CFR  -0.223933  -0.0509952  -0.145269  -0.0231844  1.18974e-13  0.191876  0.126768  
CSPS-CFR  0.0330676  -0.123589  -0.203343  0.329329  -0.191876  8.47575e-17  -0.459317  
CFPS-CFR  -0.179731  0.049843  0.109133  0.0958126  -0.126768  0.459317  2.63678e-16  
t = 35
CFR  1.38778e-17  0.148664  -0.346301  -0.2021  0.0318503  -0.00983168  0.025448  
CFR_IN  -0.148664  1.66533e-16  -0.164519  -0.0892122  0.0683607  -0.281649  -0.115464  
A-CFR_IN  0.346301  0.164519  4.43835e-15  -0.42653  0.288667  0.321458  0.126205  
BPS-CFR  0.2021  0.0892122  0.42653  -2.77556e-17  -0.0602689  -0.224868  -0.108185  
TIPS-CFR  -0.0318503  -0.0683607  -0.288667  0.0602689  4.39024e-14  0.0475159  -0.0157281  
CSPS-CFR  0.00983168  0.281649  -0.321458  0.224868  -0.0475159  2.77556e-17  -0.39296  
CFPS-CFR  -0.025448  0.115464  -0.126205  0.108185  0.0157281  0.39296  5.94497e-13  
t = 36
CFR  1.38778e-17  0.131723  -0.426555  -0.207684  -0.160819  0.0163554  0.153666  
CFR_IN  -0.131723  -4.12233e-07  -0.555608  -0.0878692  -0.068533  0.0163596  -0.114221  
A-CFR_IN  0.426555  0.555608  1.53176e-16  -0.173297  0.0106638  0.273786  0.284759  
BPS-CFR  0.207684  0.0878692  0.173297  1.38778e-17  0.0562543  -0.132418  -0.0894615  
TIPS-CFR  0.160819  0.068533  -0.0106638  -0.0562543  1.09635e-14  0.0688218  -0.107147  
CSPS-CFR  -0.0163554  -0.0163596  -0.273786  0.132418  -0.0688218  8.84709e-17  -0.284731  
CFPS-CFR  -0.153666  0.114221  -0.284759  0.0894615  0.107147  0.284731  -2.34396e-14  
t = 37
CFR  0  0.114384  -0.0903082  -0.0608888  -0.109481  0.0557431  0.104204  
CFR_IN  -0.114384  4.57967e-16  0.0333127  -0.0611476  -0.0740249  0.237466  -0.0901365  
A-CFR_IN  0.0903082  -0.0333127  2.52807e-16  0.0593696  -0.121171  0.157324  0.340751  
BPS-CFR  0.0608888  0.0611476  -0.0593696  -1.56125e-17  -0.0426395  0.0257956  -0.00150267  
TIPS-CFR  0.109481  0.0740249  0.121171  0.0426395  1.22125e-15  -0.0338918  0.257506  
CSPS-CFR  -0.0557431  -0.237466  -0.157324  -0.0257956  0.0338918  1.38778e-16  -0.0880482  
CFPS-CFR  -0.104204  0.0901365  -0.340751  0.00150267  -0.257506  0.0880482  -3.47708e-14  
t = 38
CFR  -2.42861e-17  0.190657  0.103348  -0.00657558  0.0955877  0.0585205  -0.117161  
CFR_IN  -0.190657  -4.07098e-07  0.337899  0.0905007  -0.059591  0.136969  -0.00136308  
A-CFR_IN  -0.103348  -0.337899  6.75717e-16  0.0125812  0.0135523  -0.0908575  0.175306  
BPS-CFR  0.00657558  -0.0905007  -0.0125812  0  -0.204597  0.140688  0.0593374  
TIPS-CFR  -0.0955877  0.059591  -0.0135523  0.204597  -4.57967e-16  -0.174367  -0.0650009  
CSPS-CFR  -0.0582237  -0.136969  0.0908575  -0.140688  0.174367  2.77556e-17  0.110841  
CFPS-CFR  0.117161  0.00136308  -0.175306  -0.0593374  0.0650009  -0.110841  2.84106e-13  
t = 39
CFR  -2.86229e-17  0.266284  0.34586  0.0619269  0.0460861  0.304319  -0.315953  
CFR_IN  -0.266284  -6.56959e-07  0.150905  0.105256  0.0544054  0.0882289  0.0327262  
A-CFR_IN  -0.34586  -0.150905  1.92305e-15  0.0633318  0.319217  -0.230927  0.0814626  
BPS-CFR  -0.0619269  -0.105256  -0.0633318  -1.38778e-17  -0.175753  0.218805  0.139318  
TIPS-CFR  -0.0460861  -0.0544054  -0.319217  0.175753  1.38778e-16  -0.282416  0.124894  
CSPS-CFR  -0.476818  -0.0882289  0.230927  -0.218805  0.282416  2.77556e-17  0.266701  
CFPS-CFR  0.315953  -0.0327262  -0.0814626  -0.139318  -0.124894  -0.266701  -5.55112e-17  
t = 40
CFR  4.85723e-17  0.154466  0.389841  0.0798772  -0.0776854  -0.124653  -0.396645  
CFR_IN  -0.154466  -2.98208e-07  -0.47618  0.110643  0.0357698  0.052191  0.13073  
A-CFR_IN  -0.389841  0.47618  1.94807e-15  0.182055  0.218349  -0.125902  -0.254796  
BPS-CFR  -0.0798772  -0.110643  -0.182055  6.93889e-18  -0.0812324  0.0241964  0.143828  
TIPS-CFR  0.0776854  -0.0357698  -0.218349  0.0812324  6.245e-16  -0.105155  -0.120259  
CSPS-CFR  0.124653  -0.052191  0.125902  -0.0241964  0.105155  0  0.101371  
CFPS-CFR  0.396645  -0.13073  0.254796  -0.143828  0.120259  -0.101371  -5.4623e-14  
t = 41
CFR  2.77556e-17  -0.337048  0.407268  0.0319105  -0.276667  -0.0436231  -0.303932  
CFR_IN  0.337048  4.44089e-16  -0.170318  0.0973176  -0.313002  -0.0763265  -0.000697514  
A-CFR_IN  -0.407268  0.170318  5.69079e-16  0.0278443  0.278454  0.02704  -0.319499  
BPS-CFR  -0.0319105  -0.0973176  -0.0278443  2.08167e-17  0.0376114  -0.363768  -0.124272  
TIPS-CFR  0.276667  0.313002  -0.278454  -0.0376114  8.32667e-17  0.028889  -0.380362  
CSPS-CFR  0.0436231  0.0763265  -0.02704  0.363768  -0.028889  -2.77556e-17  -0.070258  
CFPS-CFR  0.303932  0.000697514  0.319499  0.124272  0.380362  0.070258  1.66533e-16  
t = 42
CFR  0  -0.571797  0.280294  -0.09037  -0.339998  0.145861  -0.171777  
CFR_IN  0.571797  1.38778e-16  0.115954  0.0984649  -0.172126  -0.0934547  -0.291611  
A-CFR_IN  -0.280294  -0.115954  1.52245e-16  -0.126211  -0.258065  -0.0101801  -0.015325  
BPS-CFR  0.09037  -0.0984649  0.126211  0  -0.110152  -0.331457  -0.226204  
TIPS-CFR  0.339998  0.172126  0.258065  0.110152  1.38778e-16  0.131407  -0.0160442  
CSPS-CFR  -0.145861  0.0934547  0.0101801  0.331457  -0.131407  1.249e-16  -0.0588988  
CFPS-CFR  0.171777  0.291611  0.015325  0.226204  0.0160442  0.0588988  2.22045e-16  
t = 43
CFR  3.46945e-18  -0.313497  0.357843  -0.256278  -0.35142  -0.106563  -0.057511  
CFR_IN  0.313497  7.21645e-16  0.21492  0.076668  -0.393317  0.359318  -0.509744  
A-CFR_IN  -0.357843  -0.21492  2.47025e-15  -0.192081  -0.309846  -0.094018  0.182836  
BPS-CFR  0.256278  -0.076668  0.192081  0  -0.158742  -0.260556  -0.000946479  
TIPS-CFR  0.35142  0.393317  0.309846  0.158742  1.66533e-16  0.0550525  -0.0348172  
CSPS-CFR  0.106563  -0.359318  0.094018  0.260556  -0.0550525  1.76012e-16  0.085357  
CFPS-CFR  0.057511  0.509744  -0.182836  0.000946479  0.0348172  -0.085357  1.66533e-16  
t = 44
CFR  7.80626e-18  -0.0953994  0.0304952  -0.374236  -0.0862211  0.171045  0.0342123  
CFR_IN  0.0953994  8.04912e-16  0.357032  0.127941  -0.0772144  0.370253  0.00737321  
A-CFR_IN  -0.029618  -0.357032  3.46077e-16  -0.20671  -0.18928  -0.159789  0.0600383  
BPS-CFR  0.374236  -0.127941  0.20671  1.38778e-17  -0.19153  -0.208189  0.160614  
TIPS-CFR  0.0862211  0.0772144  0.18928  0.19153  1.38778e-16  0.153337  -0.110202  
CSPS-CFR  -0.171045  -0.370253  0.159789  0.208189  -0.153337  -1.08019e-07  0.0204473  
CFPS-CFR  -0.0342123  -0.00737321  -0.0600383  -0.160614  0.110202  -0.0204473  2.498e-16  
t = 45
CFR  -6.93889e-18  -0.0960693  -0.150638  -0.301006  0.104528  0.126382  0.0754323  
CFR_IN  0.0960693  6.80012e-16  0.457257  0.0768984  0.223885  0.246839  -0.222819  
A-CFR_IN  0.150638  -0.457257  4.66294e-15  -0.340168  0.139919  0.177631  -0.0619828  
BPS-CFR  0.301006  -0.0768984  0.340168  0  -0.0932279  -0.134671  0.0787104  
TIPS-CFR  -0.104528  -0.223885  -0.139919  0.0932279  5.55112e-17  0.0765446  -0.061947  
CSPS-CFR  -0.126382  -0.246839  -0.177631  0.134671  -0.0765446  9.71445e-17  0.241234  
CFPS-CFR  -0.0754323  0.222819  0.0619828  -0.0787104  0.061947  -0.241234  1.11022e-16  
t = 46
CFR  -1.38778e-17  -0.191458  -0.184481  -0.192689  0.0530793  -0.0504858  0.0306064  
CFR_IN  0.191458  3.81639e-16  0.152177  0.0252385  0.28372  0.189827  -0.160917  
A-CFR_IN  0.185624  -0.152177  2.10942e-15  -0.479298  0.304949  -0.583603  -0.0925321  
BPS-CFR  0.192689  -0.0252385  0.479298  0  0.18947  -0.142985  0.0363217  
TIPS-CFR  -0.0530793  -0.28372  -0.304949  -0.18947  -0.00461898  0.0447487  0.23262  
CSPS-CFR  0.0504858  -0.189827  0.583603  0.142985  -0.0447487  0  -0.0420288  
CFPS-CFR  -0.0306064  0.160887  0.0925321  -0.0363217  -0.23262  0.0420288  0  
t = 47
CFR  -2.77556e-17  -0.144733  -0.485725  -0.0884826  -0.0876003  -0.203911  -0.0655825  
CFR_IN  0.144733  -3.88578e-16  -0.137298  0.0663543  0.143568  0.0853224  0.072712  
A-CFR_IN  0.485725  0.13749  2.79637e-15  -0.565868  0.00233832  -0.689351  0.0501204  
BPS-CFR  0.0884826  -0.0663543  0.565868  0  0.237404  -0.0693658  -0.00498489  
TIPS-CFR  0.0876003  -0.143568  -0.00233832  -0.237404  -2.08167e-16  0.114934  0.317929  
CSPS-CFR  0.203911  -0.0853224  0.689351  0.0693658  -0.114934  0  -0.380732  
CFPS-CFR  0.0655825  -0.0727733  -0.0501204  0.00498489  -0.317929  0.380732  6.80012e-16  
t = 48
CFR  2.77556e-17  -0.0971096  -0.539704  -0.0464708  -0.177605  -0.150637  -0.135772  
CFR_IN  0.0956255  -3.60822e-16  -0.123424  0.0272296  0.113771  -0.115852  0.160409  
A-CFR_IN  0.540177  0.123424  2.54135e-15  -0.531061  0.0195216  -0.387373  0.251058  
BPS-CFR  0.0464708  -0.0272296  0.531061  1.04083e-17  0.120279  -0.0111169  -0.0326267  
TIPS-CFR  0.177605  -0.113771  -0.0195216  -0.120279  1.80411e-16  -0.131799  0.0589523  
CSPS-CFR  0.150707  0.115852  0.387373  0.0111169  0.131799  0  -0.00917207  
CFPS-CFR  0.135772  -0.160437  -0.251058  0.0326267  -0.0589523  0.00917207  -8.32667e-17  
t = 49
CFR  0  -0.168896  -0.441745  -0.0271424  -0.0929712  0.0114375  -0.146946  
CFR_IN  0.168896  -4.44089e-16  -0.117705  0.0475887  0.193696  -0.302505  0.242943  
A-CFR_IN  0.441745  0.117705  1.05289e-15  -0.476008  -0.0965789  -0.220577  0.0684164  
BPS-CFR  0.0271424  -0.0475887  0.476008  -3.46945e-18  -0.126491  0.0437867  -0.0910287  
TIPS-CFR  0.0929712  -0.193696  0.0965789  0.126491  5.04805e-16  -0.417416  -0.174315  
CSPS-CFR  -0.0114375  0.302505  0.220577  -0.0437867  0.417416  0  0.133314  
CFPS-CFR  0.146946  -0.242943  -0.0684164  0.0910287  0.174315  -0.133314  5.41234e-16  
t = 50
CFR  -1.38778e-17  -0.290604  -0.187007  -0.176704  -0.0347257  -0.0734763  -0.0682682  
CFR_IN  0.290604  1.13798e-15  -0.00191873  -0.0215966  -0.0111779  -0.365979  0.0463698  
A-CFR_IN  0.187007  0.00191873  1.18834e-15  -0.1772  -0.159999  -0.278328  -0.0328723  
BPS-CFR  0.176704  0.0215966  0.1772  -6.93889e-18  -0.202335  0.09746  0.0464989  
TIPS-CFR  0.0347257  0.0111779  0.159999  0.202335  3.53884e-16  -0.340691  -0.0866074  
CSPS-CFR  0.0734763  0.365979  0.278328  -0.09746  0.340691  1.11022e-16  0.208783  
CFPS-CFR  0.0682682  -0.0463698  0.0328723  -0.0464989  0.0866074  -0.208783  2.77556e-17  
t = 51
CFR  1.38778e-17  -0.134562  0.133668  -0.349003  -0.0419662  -0.21098  0.0712961  
CFR_IN  0.134562  1.16573e-15  -0.00714517  -0.0919323  -0.164051  -0.274718  -0.171322  
A-CFR_IN  -0.133668  0.00714465  1.22111e-15  0.0579346  -0.286957  -0.267814  0.146165  
BPS-CFR  0.349003  0.0919323  -0.0579346  -2.77556e-17  -0.286777  0.104944  -0.237387  
TIPS-CFR  0.0419662  0.164051  0.286957  0.286777  -3.1225e-16  -0.00755487  0.0472143  
CSPS-CFR  0.21098  0.274718  0.267814  -0.104944  0.00755487  1.11022e-16  0.273388  
CFPS-CFR  -0.0712961  0.171322  -0.146164  0.237387  -0.0472143  -0.273388  1.72681e-13  
t = 52
CFR  2.08167e-17  0.152777  -0.104206  -0.436718  -0.0818495  -0.0791085  0.207285  
CFR_IN  -0.152777  1.9984e-15  0.0844423  0.0473039  -0.150998  -0.151571  -0.173623  
A-CFR_IN  0.104206  -0.0844423  8.80581e-16  -0.0424752  -0.224832  -0.710769  0.0385849  
BPS-CFR  0.436718  -0.0473039  0.0424752  -6.93889e-18  -0.15263  0.121182  -0.25352  
TIPS-CFR  0.0818495  0.150998  0.224832  0.15263  1.23148e-14  0.0729822  -0.161122  
CSPS-CFR  0.0791085  0.151571  0.710769  -0.121182  -0.0729822  5.55112e-17  -0.0168893  
CFPS-CFR  -0.207285  0.173623  -0.0385836  0.25352  0.161122  0.0168893  3.53162e-13  
t = 53
CFR  6.93889e-18  0.393076  -0.00213111  -0.148195  -0.0524747  0.187664  -0.0539193  
CFR_IN  -0.393076  3.60822e-16  -0.0176675  0.0693822  0.361615  -0.108355  -0.0399659  
A-CFR_IN  0.00213228  0.0176675  1.08916e-15  0.138531  0.254751  -0.431901  -0.214085  
BPS-CFR  0.148195  -0.0693822  -0.138531  0  -0.126732  0.0719406  -0.196166  
TIPS-CFR  0.0524747  -0.361615  -0.254751  0.126732  5.55112e-17  0.261558  0.112644  
CSPS-CFR  -0.187664  0.108355  0.431901  -0.0719406  -0.261558  0  0.193597  
CFPS-CFR  0.0539193  0.0399662  0.214085  0.196166  -0.112644  -0.193597  1.15224e-12  
t = 54
CFR  -1.04083e-17  0.304147  -0.175168  0.0635681  -0.0261363  0.106058  -0.0344434  
CFR_IN  -0.304147  5.82867e-16  -0.296325  -0.0534496  0.428439  -0.0636109  0.147059  
A-CFR_IN  0.175168  0.296325  1.5274e-15  -0.240287  0.363552  -0.294918  -0.228863  
BPS-CFR  -0.0635681  0.0534496  0.240287  5.20417e-18  -0.0854551  -0.0387059  -0.0825321  
TIPS-CFR  0.0261363  -0.428439  -0.363552  0.0854551  4.48253e-15  0.404725  0.146607  
CSPS-CFR  -0.106058  0.0636109  0.294918  0.0387059  -0.404725  -5.55112e-17  0.0324872  
CFPS-CFR  0.0344434  -0.147057  0.228863  0.0825321  -0.146607  -0.0324872  -1.05471e-14  
t = 55
CFR  0  0.0569742  0.0304477  0.149576  -0.0327121  -0.153259  0.0573485  
CFR_IN  -0.0569742  5.55112e-17  -0.212577  -0.160181  0.265545  -0.109034  0.30012  
A-CFR_IN  -0.0304477  0.212577  4.75437e-15  -0.34278  0.421807  -0.334177  -0.107636  
BPS-CFR  -0.149576  0.160181  0.34278  -6.93889e-18  0.0278121  -0.0973848  -0.00961384  
TIPS-CFR  0.0327121  -0.265545  -0.421807  -0.0278121  1.15602e-14  0.278237  0.0547817  
CSPS-CFR  0.153259  0.109034  0.334177  0.0973848  -0.278237  -2.77556e-17  -0.211557  
CFPS-CFR  -0.0573485  -0.30012  0.107636  0.00961384  -0.0547817  0.211557  -1.02196e-13  
t = 56
CFR  6.93889e-18  -0.0174065  0.699367  -0.0633186  -0.0880297  -0.154463  0.194162  
CFR_IN  0.0174065  4.996e-16  0.38669  -0.153571  -0.0192256  -0.138113  0.48853  
A-CFR_IN  -0.699367  -0.38669  2.40314e-15  -0.300968  0.049885  0.364629  -0.163007  
BPS-CFR  0.0633186  0.153571  0.300968  -2.08167e-17  0.0323402  -0.0661892  0.0705302  
TIPS-CFR  0.0880297  0.0192256  -0.049885  -0.0323402  5.55112e-17  -0.0144165  0.00166453  
CSPS-CFR  0.154474  0.138113  -0.364629  0.0661892  0.0144165  7.63278e-17  -0.259185  
CFPS-CFR  -0.194162  -0.48853  0.163007  -0.0705302  -0.00166453  0.259185  5.79814e-14  
t = 57
CFR  6.93889e-18  -0.0428951  0.392108  -0.0497788  -0.183323  0.00764201  -0.0985392  
CFR_IN  0.0428951  6.14092e-16  -0.29485  0.0242937  -0.0469078  -0.0989684  0.0531347  
A-CFR_IN  -0.392108  0.29485  9.12465e-16  -0.12843  -0.115126  0.311438  -0.233132  
BPS-CFR  0.0497788  -0.0242937  0.12843  6.93889e-18  -0.0155043  0.0235585  0.0630078  
TIPS-CFR  0.183323  0.0469078  0.115126  0.0155043  1.66533e-16  -0.301892  0.18537  
CSPS-CFR  -0.00764201  0.0989684  -0.311438  -0.0235585  0.301892  6.245e-17  -0.186262  
CFPS-CFR  0.0985392  -0.0531347  0.233132  -0.0630078  -0.18537  0.186262  3.85109e-13  
t = 58
CFR  -6.93889e-18  0.203334  0.331308  0.198153  0.000671876  0.0618207  -0.286827  
CFR_IN  -0.203334  1.04083e-16  -0.108714  0.121173  0.0247299  0.34647  -0.292258  
A-CFR_IN  -0.33153  0.108714  2.14412e-15  -0.111442  -0.220473  0.301378  -0.206782  
BPS-CFR  -0.198153  -0.121173  0.111442  -1.04083e-17  -0.105726  0.0677202  -0.15145  
TIPS-CFR  -0.000671876  -0.0247299  0.220473  0.105726  1.04083e-16  -0.332177  0.120599  
CSPS-CFR  -0.0618207  -0.34647  -0.301378  -0.0677202  0.332177  7.63278e-17  -0.00436435  
CFPS-CFR  0.286827  0.292258  0.206782  0.15145  -0.120599  0.00436435  9.4369e-16  
t = 59
CFR  -8.67362e-18  0.213144  0.342184  0.400166  -0.0713099  -0.0384888  -0.125455  
CFR_IN  -0.213144  -1.249e-16  0.35984  0.179962  -0.120722  -0.104881  -0.0139832  
A-CFR_IN  -0.34226  -0.35984  1.16573e-15  -0.0579909  -0.197916  0.328304  0.0541003  
BPS-CFR  -0.400166  -0.179962  0.0579909  -3.46945e-18  -0.174658  0.0697111  -0.200058  
TIPS-CFR  0.0713099  0.120722  0.197916  0.174541  8.32667e-17  0.0837455  0.100633  
CSPS-CFR  0.0384888  0.104881  -0.328304  -0.0697111  -0.0837455  4.16334e-17  0.239422  
CFPS-CFR  0.125455  0.0139832  -0.0541003  0.200058  -0.100633  -0.239422  2.09634e-13  
t = 60
CFR  3.46945e-18  0.372915  0.445946  0.489289  -0.114952  -0.0948955  -0.0933705  
CFR_IN  -0.372915  1.11022e-16  0.837221  0.138315  -0.27631  -0.14641  0.0257676  
A-CFR_IN  -0.445957  -0.837221  9.57567e-16  0.146204  0.0890189  0.0712133  -0.262646  
BPS-CFR  -0.489289  -0.138315  -0.146204  -4.33681e-19  -0.182646  0.0444838  -0.0754275  
TIPS-CFR  0.114952  0.27631  -0.0890189  0.180409  1.11022e-16  0.220351  0.0860273  
CSPS-CFR  0.0948955  0.14641  -0.0712133  -0.0444838  -0.220351  2.77556e-17  0.385658  
CFPS-CFR  0.0933705  -0.0257676  0.262646  0.0754275  -0.0860273  -0.385658  1.95122e-14  
t = 61
CFR  -1.38778e-17  0.336115  0.172165  0.5059  -0.0808328  -0.125083  -0.0916381  
CFR_IN  -0.336115  -5.55112e-17  0.958107  0.122005  -0.236902  -0.23856  -0.0617082  
A-CFR_IN  -0.172165  -0.958107  1.05471e-15  0.206584  0.140303  -0.390556  0.464633  
BPS-CFR  -0.5059  -0.122005  -0.206584  6.93889e-18  -0.189986  0.0440857  0.0609475  
TIPS-CFR  0.0808328  0.236972  -0.140303  0.189986  5.82867e-16  0.00244661  0.134151  
CSPS-CFR  0.125083  0.23856  0.390556  -0.0440857  -0.00244661  2.77556e-17  0.179482  
CFPS-CFR  0.0916381  0.0617082  -0.464633  -0.0609475  -0.134151  -0.179482  4.71845e-16  
t = 62
CFR  0  -0.0430635  0.557673  0.43534  -0.0839406  -0.137664  -0.17604  
CFR_IN  0.0430635  1.79023e-15  0.0853462  0.0289256  -0.188288  -0.363771  -0.0737549  
A-CFR_IN  -0.557673  -0.0853462  8.60423e-16  0.116083  0.157812  0.157935  0.239444  
BPS-CFR  -0.43534  -0.0289256  -0.116083  -6.93889e-18  -0.132865  0.0914263  0.236801  
TIPS-CFR  0.0839406  0.188288  -0.157812  0.132865  6.53991e-16  -0.344986  0.0512077  
CSPS-CFR  0.137664  0.363771  -0.157935  -0.0914263  0.344986  0  -0.0732323  
CFPS-CFR  0.17604  0.0737549  -0.239444  -0.236801  -0.0512077  0.0732323  -1.38778e-16  
t = 63
CFR  2.42861e-17  -0.15266  0.383893  0.342517  -0.0793058  -0.110994  -0.335711  
CFR_IN  0.15266  4.30211e-16  -0.591701  -0.0232632  -0.0255738  -0.475912  -0.297151  
A-CFR_IN  -0.383893  0.591691  7.77156e-16  -0.0192712  -0.463096  -0.146145  -0.074037  
BPS-CFR  -0.342517  0.0232632  0.0192712  1.38778e-17  -0.0524516  0.0835682  0.357706  
TIPS-CFR  0.0793058  0.0255738  0.463096  0.0524516  2.35922e-16  -0.465942  -0.108104  
CSPS-CFR  0.110994  0.475912  0.146145  -0.0835682  0.465942  4.16334e-17  -0.447586  
CFPS-CFR  0.335711  0.297151  0.074037  -0.357706  0.108104  0.447586  4.16334e-16  
t = 64
CFR  -3.46945e-18  0.055551  0.415063  0.137763  -0.0544815  -0.0800268  -0.419294  
CFR_IN  -0.055551  7.07767e-16  -0.286315  0.0516812  0.0880098  -0.152082  -0.511847  
A-CFR_IN  -0.415063  0.286315  3.52496e-15  0.00360954  -0.571036  -0.287803  -0.201364  
BPS-CFR  -0.137763  -0.0516812  -0.00360954  -2.77556e-17  -0.081882  -0.0590453  -0.011714  
